

TREE # 1

  0  0.0000   9341.585094  x:  0.10309   0.10530   0.07682   0.02153   0.08234   0.04766   0.01608   0.04533   0.04438   0.01933   0.08626   0.09822   0.02581   0.08959   0.05731   0.01736   0.01386   2.00000   0.63280   1.36346  
  1 99.0000   8520.451195  x:  0.08746   0.08980   0.06123   0.00727   0.06733   0.07104   0.11315   0.17575   0.02885   0.00493   0.07081   0.08326   0.00987   0.07389   0.04415   0.00328   0.00000   2.00003   0.62747   1.36524  
  2 11224.6612   8444.367457  x:  0.08299   0.08537   0.05677   0.00320   0.06303   0.07630   0.13242   0.20332   0.02442   0.00121   0.06639   0.07899   0.00531   0.06940   0.04047   0.00000   0.01923   2.00005   0.62593   1.36575  
  3 33037.1677   8421.991507  x:  0.08132   0.08371   0.05511   0.00168   0.06143   0.07814   0.13892   0.21279   0.02277   0.00000   0.06474   0.07739   0.00360   0.06772   0.03910   0.00364   0.02564   2.00005   0.62535   1.36595  
  4 86762.5830   8400.890215  x:  0.07946   0.08184   0.05324   0.00000   0.05962   0.07934   0.14174   0.21814   0.02092   0.00710   0.06291   0.07560   0.00168   0.06583   0.03759   0.00522   0.02884   2.00006   0.62467   1.36616  
  5 12210.7723   8384.455452  x:  0.07782   0.08021   0.05162   0.00000   0.05805   0.07971   0.14086   0.21880   0.01933   0.00711   0.06130   0.07405   0.00000   0.06418   0.03633   0.00521   0.02882   2.00006   0.62408   1.36635  
  6 4304.6976   8229.740856  x:  0.06293   0.06540   0.03623   0.00000   0.04211   0.09208   0.12299   0.23158   0.00000   0.00711   0.04617   0.05867   0.00000   0.04919   0.01703   0.00516   0.02851   1.99986   0.61545   1.36795  
  7 35849.6834   8130.129904  x:  0.04980   0.05234   0.02252   0.00000   0.02784   0.10351   0.10655   0.24342   0.00174   0.00711   0.03270   0.04491   0.00000   0.03589   0.00000   0.00512   0.02824   1.99965   0.60744   1.36934  
  8 18137.3281   7959.056967  x:  0.02868   0.03131   0.00000   0.00000   0.00373   0.12816   0.07341   0.26740   0.00360   0.00711   0.01093   0.02207   0.00000   0.01447   0.00083   0.00503   0.02770   1.99912   0.59224   1.37147  
  9 16276.6329   7924.046751  x:  0.02103   0.02381   0.00390   0.00000   0.00020   0.13430   0.06498   0.27353   0.00408   0.00713   0.00333   0.01439   0.00000   0.00672   0.00106   0.00501   0.02757   1.99898   0.58733   1.37226  
 10 8452.6757   7921.859930  x:  0.02049   0.02328   0.00414   0.00016   0.00004   0.13473   0.06439   0.27395   0.00411   0.00713   0.00280   0.01385   0.00000   0.00617   0.00108   0.00501   0.02756   1.99897   0.58699   1.37232  
 11 152382.8634   7909.863969  x:  0.01767   0.02051   0.00499   0.00030   0.00013   0.13692   0.06136   0.27617   0.00428   0.00714   0.00000   0.01102   0.00000   0.00332   0.00116   0.00500   0.02751   1.99893   0.58522   1.37261  
 12 98581.6676   7895.782820  x:  0.01441   0.01729   0.00577   0.00041   0.00019   0.13884   0.05851   0.27827   0.00444   0.00714   0.00010   0.00785   0.00000   0.00000   0.00122   0.00499   0.02747   1.99889   0.58340   1.37296  
 13 13722.6952   7865.877697  x:  0.00000   0.00306   0.00665   0.00049   0.00023   0.14688   0.05602   0.27911   0.00482   0.00716   0.00016   0.01291   0.00000   0.00000   0.00125   0.00498   0.02740   1.99849   0.57174   1.37421  
 14 1876.9855   7861.609732  x:  0.00000   0.00000   0.00671   0.00050   0.00023   0.14852   0.05623   0.27868   0.00487   0.00716   0.00016   0.01281   0.00000   0.00000   0.00125   0.00498   0.02739   1.99836   0.56867   1.37443  
 15 3672.2131   7678.230698  x:  0.00000   0.00000   0.01364   0.00124   0.00027   0.23926   0.04759   0.27259   0.00923   0.00747   0.00063   0.01695   0.00000   0.00000   0.00161   0.00488   0.02682   1.98318   0.08807   1.42216  
 16 2727.6578   7653.023678  x:  0.00000   0.00000   0.00586   0.00022   0.00027   0.22032   0.05805   0.26707   0.00737   0.00830   0.00112   0.00223   0.00000   0.00000   0.00173   0.00494   0.02711   1.92219   0.07234   1.42982  
 17  8.2771   7651.988501  x:  0.00000   0.00000   0.00530   0.00015   0.00027   0.21741   0.05886   0.26685   0.00718   0.00834   0.00113   0.00138   0.00000   0.00000   0.00174   0.00494   0.02714   1.92057   0.07947   1.44804  
 18 110.0196   7646.774221  x:  0.00000   0.00000   0.00413   0.00000   0.00027   0.20736   0.06601   0.26303   0.00636   0.00827   0.00108   0.00214   0.00000   0.00000   0.00181   0.00498   0.02734   1.80273   0.08403   1.47886  
 19  7.2853   7634.650937  x:  0.00000   0.00000   0.00627   0.00041   0.00041   0.15524   0.08016   0.26370   0.00783   0.00977   0.00244   0.00274   0.00000   0.00000   0.00269   0.00511   0.02822   1.40342   0.09262   1.53630  
 20  7.3957   7626.784156  x:  0.00000   0.00000   0.00599   0.00046   0.00049   0.11657   0.09415   0.26172   0.00762   0.01059   0.00317   0.00341   0.00000   0.00000   0.00324   0.00523   0.02892   1.77081   0.09703   1.48945  
 21 12.9989   7605.415459  x:  0.00000   0.00000   0.00027   0.00027   0.00060   0.10424   0.09480   0.28013   0.00255   0.00974   0.00293   0.00267   0.00000   0.00000   0.00317   0.00533   0.03008   1.72048   0.08719   1.52400  
 22  0.1478   7598.250332  x:  0.00000   0.00000   0.00083   0.00025   0.00065   0.10374   0.09287   0.29068   0.00027   0.00908   0.00263   0.00267   0.00000   0.00000   0.00330   0.00537   0.03057   1.71979   0.08532   1.53341  
 23  0.1407   7586.093011  x:  0.00000   0.00000   0.00286   0.00028   0.00058   0.09704   0.06719   0.34733   0.00270   0.00862   0.00347   0.00308   0.00000   0.00000   0.00379   0.00541   0.03208   1.72748   0.07969   1.52161  
 24  0.1998   7556.274767  x:  0.00000   0.00000   0.00067   0.00052   0.00091   0.15126   0.05914   0.42153   0.00063   0.00125   0.00039   0.00518   0.00000   0.00000   0.00451   0.00484   0.03270   1.93187   0.07905   1.35860  
 25  0.2550   7547.768844  x:  0.00000   0.00000   0.00077   0.00053   0.00103   0.13793   0.07034   0.43434   0.00058   0.00021   0.00037   0.00465   0.00000   0.00000   0.00520   0.00438   0.03145   1.88538   0.06569   1.25090  
 26  0.2946   7537.631484  x:  0.00000   0.00000   0.00095   0.00056   0.00115   0.10791   0.08958   0.44619   0.00066   0.00088   0.00115   0.00370   0.00000   0.00000   0.00619   0.00379   0.02917   1.80130   0.04631   1.06981  
 27  1.4040   7521.513018  x:  0.00000   0.00000   0.00095   0.00087   0.00136   0.06751   0.11272   0.47120   0.00062   0.00108   0.00209   0.00436   0.00000   0.00000   0.00748   0.00227   0.02301   1.77241   0.05429   0.83345  
 28  0.4783   7507.586469  x:  0.00000   0.00000   0.00118   0.00110   0.00151   0.07830   0.12358   0.49185   0.00116   0.00104   0.00220   0.00434   0.00000   0.00000   0.00840   0.00032   0.01402   1.79133   0.04135   0.46984  
 29  0.5001   7504.318550  x:  0.00000   0.00000   0.00106   0.00111   0.00152   0.08401   0.12257   0.49577   0.00111   0.00103   0.00208   0.00421   0.00000   0.00000   0.00845   0.00005   0.01242   1.78283   0.03886   0.46874  
 30  0.0607   7496.578168  x:  0.00000   0.00000   0.00068   0.00108   0.00154   0.11266   0.11626   0.50885   0.00098   0.00103   0.00133   0.00376   0.00000   0.00000   0.00832   0.00016   0.01052   1.76798   0.03193   0.52128  
 31  0.4440   7489.087804  x:  0.00000   0.00000   0.00028   0.00122   0.00173   0.11818   0.12031   0.56071   0.00030   0.00123   0.00096   0.00350   0.00000   0.00000   0.00917   0.00018   0.00433   1.84929   0.01761   0.26397  
 32  0.1458   7486.576191  x:  0.00000   0.00000   0.00099   0.00128   0.00182   0.12014   0.12305   0.57997   0.00070   0.00133   0.00072   0.00327   0.00000   0.00000   0.00956   0.00018   0.00110   1.87226   0.01195   0.18599  
 33  0.4137   7485.926405  x:  0.00000   0.00000   0.00104   0.00128   0.00183   0.11986   0.12325   0.58350   0.00071   0.00134   0.00069   0.00321   0.00000   0.00000   0.00961   0.00018   0.00053   1.87261   0.01079   0.18118  
 34  0.1178   7485.490423  x:  0.00000   0.00000   0.00111   0.00127   0.00183   0.11680   0.12335   0.58336   0.00077   0.00133   0.00076   0.00321   0.00000   0.00000   0.00960   0.00019   0.00097   1.86936   0.01086   0.19016  
 35  0.0619   7484.692685  x:  0.00000   0.00000   0.00103   0.00125   0.00180   0.10193   0.12240   0.58153   0.00080   0.00137   0.00109   0.00338   0.00000   0.00000   0.00944   0.00023   0.00157   1.86482   0.01567   0.25345  
 36  0.0853   7484.285265  x:  0.00000   0.00000   0.00086   0.00125   0.00182   0.09490   0.12363   0.58944   0.00084   0.00144   0.00113   0.00336   0.00000   0.00000   0.00936   0.00028   0.00086   1.87723   0.01368   0.22919  
 37  0.0182   7483.890756  x:  0.00000   0.00000   0.00064   0.00122   0.00180   0.10232   0.12358   0.58766   0.00091   0.00158   0.00077   0.00338   0.00000   0.00000   0.00874   0.00035   0.00065   1.88643   0.01453   0.24456  
 38  0.0070   7483.559383  x:  0.00000   0.00000   0.00064   0.00118   0.00174   0.10431   0.12236   0.58092   0.00091   0.00173   0.00057   0.00349   0.00000   0.00000   0.00788   0.00045   0.00130   1.88080   0.02008   0.32440  
 39  0.0568   7483.133740  x:  0.00000   0.00000   0.00080   0.00114   0.00168   0.09592   0.12182   0.58530   0.00080   0.00193   0.00069   0.00351   0.00000   0.00000   0.00693   0.00059   0.00124   1.87073   0.02369   0.37784  
 40  0.0314   7482.920841  x:  0.00000   0.00000   0.00086   0.00113   0.00166   0.09869   0.12286   0.59115   0.00080   0.00202   0.00067   0.00339   0.00000   0.00000   0.00637   0.00067   0.00078   1.86792   0.02338   0.37235  
 41  0.0044   7482.814628  x:  0.00000   0.00000   0.00087   0.00112   0.00161   0.10108   0.12380   0.59219   0.00089   0.00203   0.00082   0.00333   0.00000   0.00000   0.00595   0.00072   0.00098   1.86842   0.02550   0.39695  
 42  0.0096   7482.764251  x:  0.00000   0.00000   0.00087   0.00113   0.00162   0.10032   0.12562   0.59568   0.00089   0.00194   0.00096   0.00328   0.00000   0.00000   0.00616   0.00071   0.00090   1.87596   0.02431   0.37532  
 43  0.0158   7482.720305  x:  0.00000   0.00000   0.00082   0.00111   0.00161   0.09803   0.12744   0.59832   0.00083   0.00189   0.00097   0.00334   0.00000   0.00000   0.00594   0.00076   0.00092   1.88780   0.02585   0.39166  
 44  0.0079   7482.689537  x:  0.00000   0.00000   0.00080   0.00109   0.00163   0.09891   0.12796   0.59841   0.00078   0.00175   0.00085   0.00342   0.00000   0.00000   0.00616   0.00075   0.00096   1.89154   0.02587   0.38756  
 45  0.0023   7482.673364  x:  0.00000   0.00000   0.00084   0.00107   0.00162   0.09952   0.12717   0.59940   0.00083   0.00172   0.00079   0.00341   0.00000   0.00000   0.00607   0.00078   0.00088   1.88261   0.02640   0.39349  
 46  0.0045   7482.667222  x:  0.00000   0.00000   0.00086   0.00105   0.00162   0.09917   0.12660   0.59961   0.00086   0.00167   0.00083   0.00339   0.00000   0.00000   0.00616   0.00077   0.00090   1.88111   0.02644   0.39282  
 47  0.0010   7482.663069  x:  0.00000   0.00000   0.00085   0.00102   0.00161   0.09991   0.12595   0.59852   0.00085   0.00165   0.00082   0.00337   0.00000   0.00000   0.00617   0.00079   0.00092   1.88692   0.02678   0.39680  
 48  0.0017   7482.657915  x:  0.00000   0.00000   0.00084   0.00099   0.00160   0.09997   0.12581   0.59766   0.00083   0.00167   0.00085   0.00333   0.00000   0.00000   0.00620   0.00080   0.00086   1.88986   0.02643   0.39260  
 49  0.0018   7482.648899  x:  0.00000   0.00000   0.00084   0.00091   0.00160   0.09898   0.12653   0.59617   0.00082   0.00170   0.00084   0.00335   0.00000   0.00000   0.00626   0.00084   0.00090   1.87985   0.02653   0.39500  
 50  0.0022   7482.644993  x:  0.00000   0.00000   0.00085   0.00088   0.00160   0.09963   0.12671   0.59711   0.00085   0.00169   0.00084   0.00339   0.00000   0.00000   0.00628   0.00087   0.00089   1.87866   0.02636   0.39218  
 51  0.0016   7482.643576  x:  0.00000   0.00000   0.00085   0.00087   0.00160   0.09953   0.12652   0.59812   0.00085   0.00170   0.00084   0.00342   0.00000   0.00000   0.00627   0.00088   0.00090   1.88401   0.02632   0.39215  
 52  0.0026   7482.643226  x:  0.00000   0.00000   0.00085   0.00087   0.00160   0.09949   0.12639   0.59850   0.00084   0.00170   0.00083   0.00340   0.00000   0.00000   0.00630   0.00088   0.00090   1.88337   0.02625   0.39137  
 53  0.0004   7482.643015  x:  0.00000   0.00000   0.00084   0.00087   0.00160   0.09957   0.12646   0.59866   0.00084   0.00170   0.00084   0.00338   0.00000   0.00000   0.00628   0.00089   0.00090   1.88309   0.02628   0.39190  
 54  0.0003   7482.642287  x:  0.00000   0.00000   0.00084   0.00086   0.00162   0.09950   0.12655   0.59864   0.00085   0.00168   0.00084   0.00337   0.00000   0.00000   0.00629   0.00090   0.00091   1.88387   0.02627   0.39210  
 55  0.0001   7482.641779  x:  0.00000   0.00000   0.00084   0.00087   0.00164   0.09946   0.12655   0.59821   0.00085   0.00167   0.00084   0.00338   0.00000   0.00000   0.00629   0.00091   0.00090   1.88408   0.02625   0.39240  
 56  0.0004   7482.641563  x:  0.00000   0.00000   0.00085   0.00087   0.00165   0.09958   0.12641   0.59807   0.00084   0.00167   0.00084   0.00340   0.00000   0.00000   0.00628   0.00091   0.00090   1.88251   0.02625   0.39231  
 57  0.0005   7482.641362  x:  0.00000   0.00000   0.00084   0.00087   0.00165   0.09961   0.12637   0.59831   0.00084   0.00167   0.00084   0.00339   0.00000   0.00000   0.00628   0.00091   0.00090   1.88212   0.02624   0.39180  
 58  0.0002   7482.641180  x:  0.00000   0.00000   0.00084   0.00087   0.00167   0.09957   0.12636   0.59802   0.00085   0.00168   0.00084   0.00339   0.00000   0.00000   0.00627   0.00092   0.00090   1.88293   0.02622   0.39137  
 59  0.0003   7482.641152  x:  0.00000   0.00000   0.00084   0.00087   0.00167   0.09958   0.12637   0.59806   0.00084   0.00169   0.00084   0.00339   0.00000   0.00000   0.00627   0.00092   0.00090   1.88309   0.02623   0.39129  
 60  0.0001   7482.641127  x:  0.00000   0.00000   0.00085   0.00086   0.00167   0.09958   0.12639   0.59816   0.00084   0.00169   0.00084   0.00339   0.00000   0.00000   0.00628   0.00092   0.00090   1.88316   0.02626   0.39165  
 61  0.0001   7482.641092  x:  0.00000   0.00000   0.00084   0.00086   0.00167   0.09960   0.12639   0.59818   0.00084   0.00169   0.00084   0.00339   0.00000   0.00000   0.00629   0.00092   0.00090   1.88306   0.02629   0.39207  
 62  0.0002   7482.641079  x:  0.00000   0.00000   0.00084   0.00086   0.00167   0.09959   0.12637   0.59812   0.00084   0.00169   0.00084   0.00339   0.00000   0.00000   0.00629   0.00092   0.00090   1.88305   0.02627   0.39178  
 63  0.0001   7482.641049  x:  0.00000   0.00000   0.00084   0.00086   0.00168   0.09960   0.12640   0.59822   0.00084   0.00169   0.00084   0.00339   0.00000   0.00000   0.00629   0.00092   0.00090   1.88307   0.02630   0.39219  
 64  0.0001   7482.640934  x:  0.00000   0.00000   0.00084   0.00084   0.00170   0.09959   0.12640   0.59822   0.00084   0.00169   0.00084   0.00339   0.00000   0.00000   0.00628   0.00091   0.00090   1.88307   0.02628   0.39194  
 65  0.0001   7482.640930  x:  0.00000   0.00000   0.00084   0.00084   0.00169   0.09959   0.12639   0.59818   0.00084   0.00169   0.00084   0.00339   0.00000   0.00000   0.00628   0.00091   0.00090   1.88306   0.02627   0.39180  
 66  0.0001   7482.640930  x:  0.00000   0.00000   0.00084   0.00084   0.00169   0.09959   0.12639   0.59819   0.00084   0.00169   0.00084   0.00339   0.00000   0.00000   0.00628   0.00091   0.00090   1.88306   0.02627   0.39181  
 67  0.0000   7482.640930  x:  0.00000   0.00000   0.00084   0.00084   0.00169   0.09959   0.12639   0.59819   0.00084   0.00169   0.00084   0.00339   0.00000   0.00000   0.00628   0.00091   0.00090   1.88306   0.02627   0.39181  
 68  0.0000   7482.640930  x:  0.00000   0.00000   0.00084   0.00084   0.00169   0.09959   0.12639   0.59819   0.00084   0.00169   0.00084   0.00339   0.00000   0.00000   0.00628   0.00091   0.00090   1.88306   0.02627   0.39181  
check convergence!
