

TREE # 1

  0  0.0000   9805.997903  x:  0.10064   0.06385   0.05887   0.10233   0.08932   0.08726   0.09078   0.01216   0.01782   0.03012   0.09129   0.02734   0.07884   0.08981   0.04984   0.03618   0.07384   2.00000   1.27302   0.14972   0.20357   1.17246  
  1 99.0000   8451.124095  x:  0.08209   0.04528   0.04038   0.08488   0.07206   0.10620   0.11300   0.56918   0.00000   0.01260   0.07296   0.01131   0.06023   0.07124   0.03481   0.01917   0.05670   2.00018   1.27580   0.14826   0.18378   1.17226  
  2 28455.8396   8317.988440  x:  0.06722   0.03055   0.02553   0.07045   0.05775   0.10913   0.11741   0.57384   0.04263   0.00000   0.05815   0.00169   0.04516   0.05619   0.02386   0.00584   0.04287   2.00038   1.27816   0.14696   0.16072   1.17287  
  3 4149.2519   8287.197361  x:  0.06338   0.02673   0.02168   0.06671   0.05405   0.10987   0.11853   0.57487   0.05183   0.00305   0.05433   0.00000   0.04127   0.05230   0.02108   0.00245   0.03929   2.00043   1.27878   0.14662   0.15478   1.17301  
  4 28305.8360   8261.420501  x:  0.06049   0.02385   0.01880   0.06390   0.05126   0.11042   0.11936   0.57557   0.05792   0.00467   0.05147   0.00204   0.03836   0.04939   0.01904   0.00000   0.03660   2.00047   1.27925   0.14636   0.15033   1.17311  
  5 48501.7302   8122.396574  x:  0.04163   0.00505   0.00000   0.04556   0.03310   0.11398   0.12475   0.58002   0.09624   0.01479   0.03281   0.01422   0.01936   0.03039   0.00588   0.00381   0.01908   2.00071   1.28232   0.14468   0.12136   1.17377  
  6 56615.6394   8075.306828  x:  0.03596   0.00000   0.00036   0.04011   0.02782   0.11479   0.12601   0.57990   0.09573   0.01472   0.02729   0.01418   0.01365   0.02469   0.00594   0.00378   0.01398   2.00079   1.28338   0.14411   0.11313   1.17379  
  7 6394.9328   7973.466245  x:  0.02241   0.00000   0.00087   0.02711   0.01523   0.11673   0.12902   0.57959   0.09438   0.01452   0.01410   0.01403   0.00000   0.01106   0.00613   0.00371   0.00179   2.00097   1.28590   0.14277   0.09348   1.17383  
  8 27980395.5308   7914.714206  x:  0.01141   0.00000   0.00092   0.01707   0.00533   0.11781   0.13064   0.57937   0.09317   0.01431   0.00443   0.01385   0.00000   0.00000   0.00526   0.00362   0.00400   2.00113   1.28830   0.14155   0.07988   1.17331  
  9 13466.8367   7888.238683  x:  0.00000   0.00000   0.00108   0.00956   0.00259   0.11791   0.13074   0.57961   0.09473   0.01471   0.00388   0.01429   0.00000   0.00000   0.01223   0.00374   0.00556   2.00132   1.29155   0.13997   0.07032   1.17163  
 10 4249.4318   7869.787882  x:  0.00000   0.00000   0.00136   0.00000   0.00567   0.11773   0.13029   0.57965   0.09429   0.01465   0.00721   0.01426   0.00000   0.00000   0.01223   0.00371   0.00670   2.00164   1.29738   0.13718   0.05613   1.16828  
 11 2806.2285   7869.787882  x:  0.00000   0.00000   0.00136   0.00000   0.00567   0.11773   0.13029   0.57965   0.09429   0.01465   0.00721   0.01426   0.00000   0.00000   0.01223   0.00371   0.00670   2.00164   1.29738   0.13718   0.05613   1.16828  
 12 3829.2654   7846.613473  x:  0.00000   0.00000   0.00040   0.00181   0.00332   0.11847   0.13134   0.58016   0.08856   0.00966   0.00223   0.01026   0.00000   0.00000   0.01051   0.00000   0.00217   2.00171   1.29877   0.13647   0.04825   1.16797  
 13 2140.8930   7839.774895  x:  0.00000   0.00000   0.00007   0.00244   0.00250   0.11873   0.13171   0.58034   0.08655   0.00790   0.00048   0.00885   0.00000   0.00000   0.00990   0.00002   0.00058   2.00174   1.29926   0.13622   0.04547   1.16786  
 14 31257.1394   7838.823935  x:  0.00000   0.00000   0.00016   0.00255   0.00235   0.11877   0.13177   0.58037   0.08619   0.00759   0.00019   0.00861   0.00000   0.00000   0.00980   0.00002   0.00032   2.00174   1.29935   0.13617   0.04498   1.16784  
 15 75773.4004   7833.020348  x:  0.00000   0.00000   0.00020   0.00303   0.00156   0.11903   0.13215   0.58055   0.08413   0.00584   0.00051   0.00723   0.00000   0.00000   0.00923   0.00002   0.00004   2.00177   1.29985   0.13591   0.04215   1.16773  
 16 7763.4917   7822.172358  x:  0.00000   0.00000   0.00028   0.00401   0.00000   0.11955   0.13288   0.58091   0.08009   0.00239   0.00075   0.00453   0.00000   0.00000   0.00810   0.00003   0.00011   2.00183   1.30084   0.13541   0.03660   1.16751  
 17 245401.3217   7816.991590  x:  0.00000   0.00000   0.00032   0.00454   0.00012   0.11983   0.13329   0.58111   0.07784   0.00051   0.00086   0.00306   0.00000   0.00000   0.00748   0.00003   0.00014   2.00186   1.30139   0.13513   0.03352   1.16738  
 18 40633.0276   7806.181616  x:  0.00000   0.00000   0.00036   0.00537   0.00019   0.12052   0.13428   0.58161   0.07233   0.00123   0.00100   0.00061   0.00000   0.00000   0.00631   0.00003   0.00017   2.00193   1.30275   0.13444   0.02596   1.16707  
 19 6582.9642   7760.245503  x:  0.00000   0.00000   0.00046   0.00786   0.00023   0.12289   0.13768   0.58334   0.05339   0.00169   0.00127   0.00102   0.00000   0.00000   0.00272   0.00004   0.00022   2.00218   1.30743   0.13205   0.00000   1.16599  
 20 21360.4214   7717.590070  x:  0.00000   0.00000   0.00061   0.01262   0.00024   0.12957   0.14725   0.58844   0.00000   0.00219   0.00169   0.00131   0.00000   0.00000   0.00427   0.00006   0.00028   2.00288   1.32076   0.12526   0.00000   1.16286  
 21 21745.6327   7707.142121  x:  0.00000   0.00000   0.00118   0.03608   0.00022   0.16193   0.19361   0.61310   0.00008   0.00402   0.00324   0.00242   0.00000   0.00000   0.00824   0.00012   0.00053   2.00628   1.38540   0.09231   0.00000   1.14770  
 22 377.3419   7677.671391  x:  0.00000   0.00000   0.00070   0.01059   0.00026   0.19615   0.24588   0.65142   0.00007   0.00239   0.00195   0.00122   0.00000   0.00000   0.00152   0.00007   0.00032   2.01101   1.48250   0.04295   0.00000   1.12495  
 23 1660.1918   7612.739618  x:  0.00000   0.00000   0.00120   0.03122   0.00021   0.12262   0.21060   0.75492   0.00009   0.00370   0.00333   0.00177   0.00000   0.00000   0.00018   0.00012   0.00052   2.02701   1.83292  -0.13423   0.00000   1.06090  
 24 572.4209   7575.333047  x:  0.00000   0.00000   0.00179   0.04964   0.00021   0.13418   0.21950   0.68547   0.00002   0.00536   0.00495   0.00255   0.00000   0.00000   0.00140   0.00018   0.00076   2.06514   2.26645  -0.35750   0.00000   1.03161  
 25 413.1788   7574.902926  x:  0.00000   0.00000   0.00181   0.05021   0.00021   0.13459   0.21973   0.68281   0.00002   0.00542   0.00500   0.00257   0.00000   0.00000   0.00144   0.00018   0.00077   2.06643   2.28097  -0.36497   0.00210   1.03070  
 26 3335.9387   7562.264673  x:  0.00000   0.00000   0.00165   0.03554   0.00030   0.15217   0.18226   0.51117   0.00004   0.00487   0.00456   0.00216   0.00000   0.00000   0.00121   0.00016   0.00070   2.08351   2.38810  -0.41558   0.00181   1.06399  
 27 92.9231   7550.971195  x:  0.00000   0.00000   0.00183   0.01666   0.00063   0.07824   0.23298   0.49056   0.00005   0.00535   0.00505   0.00212   0.00000   0.00000   0.00132   0.00018   0.00078   2.13018   2.44188  -0.42618   0.00217   1.20397  
 28 27.0103   7536.506616  x:  0.00000   0.00000   0.00210   0.00000   0.00097   0.07796   0.21765   0.50370   0.00007   0.00610   0.00581   0.00220   0.00000   0.00000   0.00138   0.00020   0.00090   2.17804   2.49860  -0.43529   0.00324   1.35159  
 29 290.6953   7519.503108  x:  0.00000   0.00000   0.00200   0.00182   0.00094   0.06562   0.14167   0.55549   0.00013   0.00577   0.00550   0.00221   0.00000   0.00000   0.00169   0.00019   0.00085   2.16489   2.74443  -0.17828   0.00588   1.53553  
 30  4.1810   7510.373774  x:  0.00000   0.00000   0.00187   0.00195   0.00092   0.06775   0.15675   0.60272   0.00016   0.00548   0.00512   0.00229   0.00000   0.00000   0.00179   0.00019   0.00080   1.60342   3.21670   0.27076   0.01346   2.13595  
 31 13.4909   7502.801133  x:  0.00000   0.00000   0.00149   0.00207   0.00081   0.07116   0.17261   0.68141   0.00020   0.00449   0.00402   0.00218   0.00000   0.00000   0.00196   0.00015   0.00064   1.77331   3.73801   0.74012   0.02236   2.99755  
 32 23.0406   7493.670168  x:  0.00000   0.00000   0.00091   0.00228   0.00070   0.11996   0.12911   0.69186   0.00022   0.00254   0.00220   0.00247   0.00000   0.00000   0.00204   0.00013   0.00036   1.86507   3.43154  -0.16463   0.02174   3.09534  
 33  1.3876   7490.402103  x:  0.00000   0.00000   0.00087   0.00191   0.00074   0.12855   0.11029   0.63680   0.00019   0.00215   0.00199   0.00271   0.00000   0.00000   0.00189   0.00015   0.00033   2.08464   3.57744   0.28750   0.01658   2.54463  
 34  3.7784   7486.314501  x:  0.00000   0.00000   0.00050   0.00145   0.00076   0.11515   0.12562   0.64465   0.00019   0.00081   0.00070   0.00307   0.00000   0.00000   0.00201   0.00015   0.00016   2.11409   3.79392   0.37248   0.01589   2.69783  
 35  0.3122   7482.529242  x:  0.00000   0.00000   0.00088   0.00032   0.00109   0.09717   0.13803   0.65054   0.00018   0.00192   0.00156   0.00372   0.00000   0.00000   0.00219   0.00020   0.00036   2.10439   4.02030   0.45394   0.01370   2.67794  
 36  0.5412   7480.954308  x:  0.00000   0.00000   0.00085   0.00118   0.00126   0.10465   0.12474   0.63425   0.00019   0.00181   0.00122   0.00405   0.00000   0.00000   0.00241   0.00023   0.00039   1.90748   4.27065   0.61416   0.01345   2.78341  
 37  0.2280   7480.675025  x:  0.00000   0.00000   0.00082   0.00070   0.00131   0.10260   0.11738   0.63415   0.00020   0.00165   0.00103   0.00407   0.00000   0.00000   0.00253   0.00024   0.00039   1.88740   4.37791   0.75277   0.01368   2.82827  
 38  0.2779   7479.456306  x:  0.00000   0.00000   0.00078   0.00034   0.00155   0.09552   0.12600   0.61639   0.00021   0.00124   0.00048   0.00407   0.00000   0.00000   0.00301   0.00028   0.00047   1.94671   4.70843   1.37356   0.01188   2.76784  
 39  0.4260   7478.642049  x:  0.00000   0.00000   0.00100   0.00047   0.00172   0.09620   0.13238   0.61933   0.00023   0.00123   0.00087   0.00390   0.00000   0.00000   0.00343   0.00033   0.00062   1.95191   4.96649   1.82198   0.01285   2.92125  
 40  0.5784   7477.817344  x:  0.00000   0.00000   0.00115   0.00061   0.00210   0.10652   0.12499   0.62414   0.00025   0.00180   0.00089   0.00398   0.00000   0.00000   0.00408   0.00038   0.00079   1.89582   5.21733   2.05796   0.01170   3.06739  
 41  0.1915   7477.494672  x:  0.00000   0.00000   0.00121   0.00022   0.00235   0.10420   0.12222   0.62202   0.00028   0.00178   0.00073   0.00383   0.00000   0.00000   0.00466   0.00043   0.00091   1.89666   5.51055   2.48165   0.01141   3.20606  
 42  0.4028   7477.271001  x:  0.00000   0.00000   0.00126   0.00000   0.00248   0.10046   0.12423   0.62636   0.00030   0.00167   0.00075   0.00366   0.00000   0.00000   0.00502   0.00046   0.00099   1.91892   5.60120   2.50626   0.01157   3.35166  
 43  0.1420   7477.116142  x:  0.00000   0.00000   0.00131   0.00011   0.00264   0.10073   0.12536   0.61520   0.00033   0.00153   0.00075   0.00327   0.00000   0.00000   0.00555   0.00049   0.00109   1.93054   5.71446   2.61629   0.01130   3.48032  
 44  0.1064   7477.010582  x:  0.00000   0.00000   0.00123   0.00011   0.00263   0.10250   0.12521   0.61701   0.00035   0.00163   0.00066   0.00297   0.00000   0.00000   0.00571   0.00049   0.00109   1.91382   5.66085   2.53979   0.01224   3.61577  
 45  0.0849   7476.779713  x:  0.00000   0.00000   0.00110   0.00000   0.00244   0.10433   0.12270   0.61643   0.00036   0.00173   0.00084   0.00258   0.00000   0.00000   0.00564   0.00046   0.00102   1.90558   5.31168   2.16783   0.01216   3.59884  
 46  0.2573   7476.613143  x:  0.00000   0.00000   0.00093   0.00011   0.00227   0.10299   0.12574   0.62635   0.00037   0.00179   0.00085   0.00252   0.00000   0.00000   0.00551   0.00042   0.00092   1.92076   4.94426   1.75327   0.01194   3.58916  
 47  0.3598   7476.417294  x:  0.00000   0.00000   0.00091   0.00013   0.00245   0.10046   0.12994   0.63988   0.00040   0.00167   0.00074   0.00285   0.00000   0.00000   0.00597   0.00046   0.00096   1.94672   4.98664   1.77817   0.01152   3.75840  
 48  0.0987   7476.201089  x:  0.00000   0.00000   0.00076   0.00005   0.00253   0.10318   0.12910   0.64899   0.00046   0.00157   0.00074   0.00296   0.00000   0.00000   0.00660   0.00049   0.00096   1.94552   4.74873   1.48682   0.01230   4.07662  
 49  0.2264   7476.149388  x:  0.00000   0.00000   0.00079   0.00000   0.00260   0.10380   0.12872   0.64767   0.00047   0.00157   0.00076   0.00304   0.00000   0.00000   0.00672   0.00050   0.00099   1.94272   4.80070   1.55174   0.01236   4.12040  
 50  0.2466   7476.079158  x:  0.00000   0.00000   0.00082   0.00000   0.00277   0.10501   0.12859   0.64287   0.00050   0.00163   0.00083   0.00341   0.00000   0.00000   0.00712   0.00054   0.00104   1.93921   4.87419   1.66690   0.01229   4.25732  
 51  0.1755   7476.062793  x:  0.00000   0.00000   0.00083   0.00000   0.00273   0.10282   0.12970   0.63860   0.00049   0.00166   0.00081   0.00350   0.00000   0.00000   0.00694   0.00054   0.00101   1.93960   4.90625   1.70768   0.01216   4.22160  
 52  0.0177   7475.976238  x:  0.00000   0.00000   0.00078   0.00000   0.00264   0.10339   0.12831   0.63755   0.00053   0.00162   0.00078   0.00363   0.00000   0.00000   0.00693   0.00056   0.00093   1.94413   4.92250   1.69664   0.01248   4.52823  
 53  0.0384   7475.797986  x:  0.00000   0.00000   0.00072   0.00000   0.00233   0.10538   0.12805   0.64149   0.00066   0.00159   0.00078   0.00376   0.00000   0.00000   0.00682   0.00064   0.00067   1.96007   5.13578   1.93304   0.01254   5.61844  
 54  0.4266   7475.790853  x:  0.00000   0.00000   0.00072   0.00014   0.00232   0.10549   0.12803   0.64171   0.00067   0.00159   0.00079   0.00376   0.00000   0.00000   0.00681   0.00064   0.00066   1.96098   5.14790   1.94648   0.01254   5.68043  
 55 52450.7480   7475.688361  x:  0.00000   0.00000   0.00076   0.00017   0.00228   0.10492   0.13111   0.64738   0.00072   0.00165   0.00089   0.00342   0.00000   0.00000   0.00694   0.00068   0.00065   1.94286   5.23556   2.10949   0.01178   6.01412  
 56  0.1958   7475.676018  x:  0.00000   0.00000   0.00075   0.00022   0.00223   0.10414   0.13146   0.64998   0.00073   0.00167   0.00088   0.00329   0.00000   0.00000   0.00689   0.00067   0.00065   1.93851   5.18146   2.03936   0.01180   6.05360  
 57  0.0419   7475.625302  x:  0.00000   0.00000   0.00079   0.00023   0.00222   0.10428   0.13277   0.65578   0.00081   0.00173   0.00083   0.00339   0.00000   0.00000   0.00704   0.00074   0.00065   1.94613   5.16525   2.04056   0.01209   6.63683  
 58  0.0729   7475.549173  x:  0.00000   0.00000   0.00100   0.00022   0.00219   0.10657   0.13382   0.66226   0.00090   0.00168   0.00075   0.00347   0.00000   0.00000   0.00689   0.00084   0.00074   1.95123   5.18243   2.05780   0.01173   7.33458  
 59  0.2003   7475.535256  x:  0.00000   0.00000   0.00104   0.00030   0.00212   0.10598   0.13429   0.66145   0.00087   0.00168   0.00077   0.00341   0.00000   0.00000   0.00658   0.00082   0.00074   1.94322   5.17998   2.04709   0.01188   7.22748  
 60  0.0604   7475.527047  x:  0.00000   0.00000   0.00105   0.00023   0.00220   0.10601   0.13406   0.66152   0.00085   0.00168   0.00078   0.00344   0.00000   0.00000   0.00655   0.00081   0.00082   1.95108   5.16789   2.03678   0.01193   7.07029  
 61  0.0347   7475.488592  x:  0.00000   0.00000   0.00093   0.00023   0.00217   0.10606   0.13399   0.66538   0.00090   0.00170   0.00076   0.00347   0.00000   0.00000   0.00630   0.00083   0.00086   1.95387   5.20050   2.08068   0.01166   7.46630  
 62  0.0500   7475.472743  x:  0.00000   0.00000   0.00081   0.00024   0.00220   0.10630   0.13441   0.66528   0.00093   0.00168   0.00079   0.00343   0.00000   0.00000   0.00627   0.00085   0.00091   1.94831   5.23416   2.11600   0.01173   7.76237  
 63  0.2331   7475.470998  x:  0.00000   0.00000   0.00084   0.00025   0.00220   0.10643   0.13472   0.66441   0.00094   0.00167   0.00080   0.00343   0.00000   0.00000   0.00628   0.00086   0.00092   1.94656   5.23483   2.11361   0.01180   7.80870  
 64  0.0414   7475.470754  x:  0.00000   0.00000   0.00084   0.00024   0.00221   0.10644   0.13479   0.66422   0.00095   0.00167   0.00080   0.00344   0.00000   0.00000   0.00629   0.00087   0.00092   1.94707   5.24267   2.12267   0.01180   7.86949  
 65  0.0205   7475.469302  x:  0.00000   0.00000   0.00084   0.00022   0.00225   0.10625   0.13456   0.66395   0.00095   0.00168   0.00080   0.00342   0.00000   0.00000   0.00624   0.00088   0.00091   1.94777   5.24543   2.12436   0.01178   7.91942  
 66  0.0063   7475.467172  x:  0.00000   0.00000   0.00085   0.00017   0.00233   0.10628   0.13431   0.66400   0.00094   0.00168   0.00080   0.00340   0.00000   0.00000   0.00621   0.00088   0.00089   1.94719   5.25866   2.14080   0.01178   7.89752  
 67  0.0127   7475.465979  x:  0.00000   0.00000   0.00084   0.00015   0.00239   0.10650   0.13451   0.66449   0.00093   0.00166   0.00080   0.00341   0.00000   0.00000   0.00624   0.00088   0.00088   1.94697   5.23326   2.11063   0.01182   7.82963  
 68  0.0515   7475.465824  x:  0.00000   0.00000   0.00084   0.00014   0.00239   0.10657   0.13477   0.66508   0.00093   0.00167   0.00080   0.00342   0.00000   0.00000   0.00623   0.00088   0.00089   1.94733   5.23329   2.11173   0.01181   7.86093  
 69  0.0235   7475.465785  x:  0.00000   0.00000   0.00084   0.00014   0.00239   0.10660   0.13484   0.66554   0.00093   0.00167   0.00080   0.00342   0.00000   0.00000   0.00623   0.00088   0.00088   1.94752   5.23050   2.10856   0.01180   7.87903  
 70  0.0078   7475.465526  x:  0.00000   0.00000   0.00084   0.00015   0.00238   0.10667   0.13482   0.66588   0.00093   0.00168   0.00081   0.00342   0.00000   0.00000   0.00623   0.00088   0.00088   1.94743   5.22936   2.10667   0.01182   7.89668  
 71  0.0022   7475.463900  x:  0.00000   0.00000   0.00084   0.00019   0.00235   0.10702   0.13474   0.66771   0.00092   0.00169   0.00082   0.00343   0.00000   0.00000   0.00624   0.00090   0.00087   1.94701   5.22773   2.10232   0.01187   8.02547  
 72  0.0504   7475.455859  x:  0.00000   0.00000   0.00083   0.00019   0.00232   0.10697   0.13539   0.66813   0.00084   0.00167   0.00081   0.00342   0.00000   0.00000   0.00625   0.00093   0.00089   1.94773   5.25349   2.13614   0.01179   8.28828  
 73  0.0333   7475.455663  x:  0.00000   0.00000   0.00083   0.00019   0.00232   0.10696   0.13547   0.66813   0.00084   0.00167   0.00080   0.00342   0.00000   0.00000   0.00626   0.00094   0.00089   1.94762   5.25796   2.14164   0.01178   8.34155  
 74  0.0477   7475.455660  x:  0.00000   0.00000   0.00083   0.00019   0.00232   0.10698   0.13547   0.66818   0.00084   0.00167   0.00080   0.00342   0.00000   0.00000   0.00626   0.00094   0.00089   1.94753   5.25757   2.14113   0.01178   8.34329  
 75  0.0017   7475.455655  x:  0.00000   0.00000   0.00083   0.00019   0.00232   0.10701   0.13546   0.66827   0.00084   0.00167   0.00080   0.00342   0.00000   0.00000   0.00626   0.00094   0.00089   1.94739   5.25706   2.14050   0.01178   8.34940  
 76  0.0023   7475.455578  x:  0.00000   0.00000   0.00083   0.00019   0.00231   0.10710   0.13547   0.66853   0.00084   0.00167   0.00080   0.00342   0.00000   0.00000   0.00625   0.00094   0.00089   1.94717   5.25678   2.14026   0.01178   8.37426  
 77  0.0031   7475.455163  x:  0.00000   0.00000   0.00084   0.00020   0.00231   0.10741   0.13560   0.66981   0.00085   0.00167   0.00080   0.00342   0.00000   0.00000   0.00625   0.00092   0.00088   1.94665   5.25963   2.14417   0.01179   8.52580  
 78  0.0460   7475.454353  x:  0.00000   0.00000   0.00084   0.00019   0.00232   0.10722   0.13585   0.66987   0.00084   0.00167   0.00080   0.00342   0.00000   0.00000   0.00626   0.00090   0.00089   1.94779   5.27109   2.15754   0.01176   8.61426  
 79  0.0234   7475.454351  x:  0.00000   0.00000   0.00084   0.00019   0.00232   0.10724   0.13584   0.66988   0.00084   0.00167   0.00080   0.00342   0.00000   0.00000   0.00626   0.00090   0.00089   1.94768   5.27057   2.15683   0.01176   8.61374  
 80  0.0010   7475.454351  x:  0.00000   0.00000   0.00084   0.00019   0.00232   0.10724   0.13584   0.66988   0.00084   0.00167   0.00080   0.00342   0.00000   0.00000   0.00626   0.00090   0.00089   1.94768   5.27058   2.15683   0.01176   8.61373  
 81  0.0000   7475.454351  x:  0.00000   0.00000   0.00084   0.00019   0.00232   0.10724   0.13584   0.66988   0.00084   0.00167   0.00080   0.00342   0.00000   0.00000   0.00626   0.00090   0.00089   1.94768   5.27058   2.15683   0.01176   8.61371  
 82  0.0001   7475.454351  x:  0.00000   0.00000   0.00084   0.00019   0.00232   0.10724   0.13584   0.66988   0.00084   0.00167   0.00080   0.00342   0.00000   0.00000   0.00626   0.00090   0.00089   1.94768   5.27058   2.15683   0.01176   8.61371  
 83  0.0001   7475.454351  x:  0.00000   0.00000   0.00084   0.00019   0.00232   0.10724   0.13584   0.66988   0.00084   0.00167   0.00080   0.00342   0.00000   0.00000   0.00626   0.00090   0.00089   1.94768   5.27058   2.15683   0.01176   8.61371  
check convergence!
