

TREE # 1

  0  0.0000  10542.783030  x:  0.09285   0.10085   0.03341   0.02387   0.04634   0.04316   0.07694   0.01522   0.08881   0.02021   0.02244   0.03051   0.09187   0.10816   0.02721   0.07952   0.02235   1.08318   1.12304   1.04828   1.11347  
  1 99.0000   9212.242174  x:  0.07283   0.08144   0.07688   0.33953   0.08149   0.02463   0.05709   0.00135   0.06876   0.00000   0.00684   0.01184   0.07319   0.08817   0.00755   0.05964   0.00425   1.08582   1.11611   1.04826   1.11345  
  2 19762.4395   9125.842542  x:  0.06453   0.07330   0.07959   0.34267   0.08534   0.01691   0.04888   0.02134   0.06042   0.00000   0.00415   0.00447   0.06544   0.07987   0.00000   0.05139   0.00026   1.08691   1.11320   1.04826   1.11345  
  3 5130.3301   9081.061364  x:  0.05931   0.06815   0.08114   0.34391   0.08761   0.01207   0.04368   0.02891   0.05514   0.00000   0.00298   0.00000   0.06053   0.07466   0.00153   0.04621   0.00484   1.08760   1.11137   1.04825   1.11344  
  4 15642.7148   8993.761641  x:  0.04622   0.05526   0.08500   0.34689   0.09327   0.00000   0.03069   0.04705   0.04192   0.00000   0.00034   0.00188   0.04826   0.06159   0.00496   0.03322   0.01568   1.08933   1.10677   1.04824   1.11343  
  5 46905.7058   8993.761641  x:  0.04622   0.05526   0.08500   0.34689   0.09327   0.00000   0.03069   0.04705   0.04192   0.00000   0.00034   0.00188   0.04826   0.06159   0.00496   0.03322   0.01568   1.08933   1.10677   1.04824   1.11343  
  6 29614.1099   8962.766254  x:  0.04213   0.05142   0.08585   0.34807   0.09445   0.00711   0.02690   0.04353   0.03782   0.00000   0.02519   0.00000   0.04449   0.05751   0.00151   0.02922   0.01220   1.08986   1.10534   1.04824   1.11343  
  7 8518.4501   8949.946685  x:  0.03982   0.04921   0.08630   0.34873   0.09510   0.00792   0.02470   0.04151   0.03550   0.00000   0.03051   0.00654   0.04237   0.05520   0.00000   0.02696   0.01029   1.09016   1.10453   1.04824   1.11343  
  8 10418.4079   8903.093513  x:  0.02721   0.03714   0.08870   0.35232   0.09859   0.00992   0.01267   0.03046   0.02286   0.00000   0.05294   0.03214   0.03082   0.04264   0.01657   0.01472   0.00000   1.09178   1.10014   1.04823   1.11342  
  9 23454.8821   8852.658794  x:  0.01397   0.02445   0.09122   0.35610   0.10224   0.01174   0.00000   0.01884   0.00956   0.00000   0.07579   0.05803   0.01866   0.02944   0.03328   0.00185   0.00397   1.09349   1.09551   1.04821   1.11341  
 10 67668.6247   8835.798910  x:  0.01149   0.02209   0.09158   0.35677   0.10278   0.01064   0.00082   0.01690   0.00705   0.00000   0.07627   0.05810   0.01639   0.02694   0.03333   0.00000   0.00399   1.09381   1.09464   1.04821   1.11341  
 11 5152.2590   8788.042973  x:  0.00454   0.01547   0.09258   0.35866   0.10430   0.00755   0.00189   0.01146   0.00000   0.00000   0.07756   0.05825   0.01003   0.01996   0.03343   0.00029   0.00404   1.09471   1.09219   1.04820   1.11340  
 12 29618.2506   8762.739773  x:  0.00000   0.01118   0.09321   0.35987   0.10526   0.00549   0.00123   0.00811   0.00000   0.00000   0.07803   0.05791   0.00592   0.01540   0.03322   0.00017   0.00400   1.09529   1.09059   1.04820   1.11340  
 13 112275.6909   8739.630131  x:  0.00000   0.00395   0.09401   0.36217   0.10661   0.00608   0.00126   0.01088   0.00000   0.00000   0.07781   0.05792   0.00000   0.00577   0.03322   0.00021   0.00403   1.09650   1.08721   1.04819   1.11339  
 14 4626.0704   8730.196504  x:  0.00000   0.00000   0.09447   0.36345   0.10739   0.00610   0.00126   0.01161   0.00000   0.00000   0.07780   0.05790   0.00020   0.00048   0.03322   0.00023   0.00403   1.09717   1.08535   1.04819   1.11339  
 15 8173.0268   8729.491780  x:  0.00000   0.00000   0.09451   0.36356   0.10746   0.00610   0.00126   0.01162   0.00000   0.00000   0.07780   0.05790   0.00020   0.00000   0.03322   0.00024   0.00404   1.09722   1.08518   1.04819   1.11339  
 16 4226.0534   8729.466006  x:  0.00000   0.00000   0.09451   0.36358   0.10746   0.00611   0.00126   0.01162   0.00000   0.00000   0.07779   0.05790   0.00020   0.00000   0.03322   0.00024   0.00404   1.09724   1.08514   1.04819   1.11339  
 17 2872.9955   8706.064135  x:  0.00000   0.00040   0.09008   0.38257   0.10356   0.00047   0.00139   0.01400   0.00000   0.00000   0.08005   0.05807   0.00025   0.00000   0.03346   0.00067   0.00423   1.11358   1.03507   1.04806   1.11332  
 18 5634.4946   8642.714155  x:  0.00000   0.00036   0.10865   0.37745   0.10297   0.00000   0.00152   0.01438   0.00000   0.00000   0.08009   0.05798   0.00025   0.00000   0.03354   0.00109   0.00442   1.15288   0.89357   1.04775   1.11307  
 19 1297.0097   8642.714155  x:  0.00000   0.00036   0.10865   0.37745   0.10297   0.00000   0.00152   0.01438   0.00000   0.00000   0.08009   0.05798   0.00025   0.00000   0.03354   0.00109   0.00442   1.15288   0.89357   1.04775   1.11307  
 20 211724.8386   8632.270322  x:  0.00016   0.00044   0.10865   0.37746   0.10298   0.00250   0.00151   0.01437   0.00000   0.00000   0.08008   0.05797   0.00026   0.00000   0.03353   0.00109   0.00442   1.15288   0.89356   1.04775   1.11307  
 21 216008.2697   8631.162967  x:  0.00000   0.00056   0.10865   0.37749   0.10300   0.00251   0.00142   0.01426   0.00000   0.00000   0.07993   0.05782   0.00039   0.00000   0.03337   0.00105   0.00435   1.15290   0.89349   1.04775   1.11307  
 22 2950.9130   8620.014357  x:  0.00000   0.00096   0.10857   0.37806   0.10343   0.00263   0.00007   0.01240   0.00000   0.00000   0.07736   0.05513   0.00000   0.00000   0.03056   0.00053   0.00313   1.15323   0.89230   1.04775   1.11306  
 23 9411.9292   8595.964114  x:  0.00000   0.00008   0.10837   0.37952   0.10453   0.00297   0.00000   0.00780   0.00000   0.00000   0.07083   0.04828   0.00040   0.00000   0.02340   0.00034   0.00035   1.15405   0.88926   1.04774   1.11306  
 24 24711.9140   8587.394972  x:  0.00000   0.00033   0.10828   0.38018   0.10502   0.00310   0.00035   0.00577   0.00000   0.00000   0.06790   0.04521   0.00026   0.00000   0.02019   0.00030   0.00007   1.15442   0.88790   1.04774   1.11305  
 25 51227.6549   8563.816090  x:  0.00000   0.00029   0.10806   0.38175   0.10620   0.00343   0.00063   0.00086   0.00000   0.00000   0.06084   0.03781   0.00027   0.00000   0.01245   0.00018   0.00014   1.15532   0.88461   1.04773   1.11305  
 26 320419.4597   8553.775520  x:  0.00000   0.00045   0.10792   0.38280   0.10698   0.00362   0.00038   0.00023   0.00000   0.00000   0.05614   0.03288   0.00026   0.00000   0.00731   0.00142   0.00010   1.15591   0.88242   1.04773   1.11304  
 27 21028.9835   8531.165049  x:  0.00000   0.00043   0.10772   0.38424   0.10805   0.00388   0.00040   0.00027   0.00000   0.00000   0.04971   0.02613   0.00030   0.00000   0.00027   0.00148   0.00010   1.15673   0.87943   1.04772   1.11304  
 28 84542.0506   8475.206253  x:  0.00000   0.00037   0.10696   0.38975   0.11208   0.00454   0.00045   0.00030   0.00000   0.00000   0.02483   0.00000   0.00046   0.00000   0.00045   0.00157   0.00010   1.15989   0.86779   1.04770   1.11302  
 29 4976.6603   8451.853798  x:  0.00000   0.00033   0.10630   0.39453   0.11557   0.00485   0.00050   0.00033   0.00000   0.00000   0.00328   0.00002   0.00052   0.00000   0.00054   0.00163   0.00010   1.16263   0.85770   1.04768   1.11300  
 30 2690.8011   7700.943591  x:  0.00000   0.00004   0.05480   0.74135   0.31057   0.00833   0.00065   0.00070   0.00000   0.00000   0.01642   0.00009   0.00039   0.00000   0.00169   0.00283   0.00017   1.38113   0.03092   1.04611   1.11238  
 31 752.2531   7700.039904  x:  0.00000   0.00004   0.05566   0.74207   0.30775   0.00830   0.00065   0.00070   0.00000   0.00000   0.01626   0.00009   0.00040   0.00000   0.00168   0.00282   0.00016   1.38185   0.02733   1.04610   1.11238  
 32 569.8480   7671.426070  x:  0.00000   0.00028   0.11072   0.99170   0.16460   0.00338   0.00057   0.00060   0.00000   0.00000   0.01448   0.00008   0.00044   0.00000   0.00141   0.00247   0.00015   1.55127   0.02557   1.04427   1.11234  
 33 220.5160   7671.406029  x:  0.00017   0.00028   0.11082   0.99224   0.16428   0.00337   0.00057   0.00060   0.00000   0.00000   0.01447   0.00008   0.00044   0.00000   0.00140   0.00247   0.00015   1.55167   0.02557   1.04427   1.11234  
 34 1177.6750   7670.060727  x:  0.00028   0.00042   0.09405   0.98479   0.15784   0.00206   0.00055   0.00058   0.00000   0.00000   0.01357   0.00007   0.00045   0.00000   0.00134   0.00239   0.00014   1.58507   0.02601   1.04370   1.11243  
 35 61.1758   7668.169747  x:  0.00056   0.00057   0.10012   0.96875   0.15926   0.00057   0.00053   0.00056   0.00000   0.00000   0.01264   0.00007   0.00046   0.00000   0.00129   0.00232   0.00014   1.63436   0.02644   1.04286   1.11252  
 36 164.9993   7658.472986  x:  0.00000   0.00047   0.11310   0.88150   0.14767   0.00159   0.00054   0.00052   0.00000   0.00000   0.00768   0.00003   0.00051   0.00000   0.00115   0.00222   0.00014   1.91539   0.02956   1.03844   1.11268  
 37 267.6247   7658.030054  x:  0.00006   0.00050   0.11704   0.85706   0.14149   0.00158   0.00054   0.00052   0.00000   0.00000   0.00965   0.00005   0.00050   0.00000   0.00108   0.00221   0.00014   1.94708   0.03023   1.02081   1.11982  
 38  2.9474   7657.534051  x:  0.00000   0.00054   0.11730   0.85502   0.14129   0.00160   0.00054   0.00054   0.00000   0.00000   0.00944   0.00005   0.00050   0.00000   0.00109   0.00227   0.00014   1.94923   0.03026   1.00307   1.12700  
 39  2.1155   7657.534051  x:  0.00000   0.00054   0.11730   0.85502   0.14129   0.00160   0.00054   0.00054   0.00000   0.00000   0.00944   0.00005   0.00050   0.00000   0.00109   0.00227   0.00014   1.94923   0.03026   1.00307   1.12700  
 40  6.2196   7644.446339  x:  0.00005   0.00071   0.11731   0.85502   0.14129   0.00169   0.00064   0.00205   0.00000   0.00000   0.00934   0.00280   0.00063   0.00000   0.00105   0.00216   0.00319   1.94923   0.03025   1.00307   1.12700  
 41 28508.8000   7644.099889  x:  0.00000   0.00074   0.11731   0.85502   0.14129   0.00171   0.00066   0.00215   0.00000   0.00000   0.00931   0.00276   0.00066   0.00000   0.00104   0.00212   0.00318   1.94923   0.03024   1.00307   1.12700  
 42 2491.8218   7643.262180  x:  0.00000   0.00045   0.11732   0.85499   0.14130   0.00190   0.00041   0.00246   0.00000   0.00000   0.00858   0.00237   0.00030   0.00000   0.00094   0.00140   0.00345   1.94923   0.03017   1.00307   1.12700  
 43 1399.6168   7642.686083  x:  0.00000   0.00024   0.11734   0.85496   0.14131   0.00204   0.00039   0.00241   0.00000   0.00000   0.00780   0.00204   0.00052   0.00000   0.00091   0.00073   0.00379   1.94924   0.03009   1.00307   1.12700  
 44 2899.2251   7642.368343  x:  0.00000   0.00041   0.11735   0.85493   0.14132   0.00214   0.00048   0.00226   0.00000   0.00000   0.00721   0.00183   0.00047   0.00000   0.00091   0.00043   0.00404   1.94924   0.03004   1.00307   1.12700  
 45 2753.5267   7641.493305  x:  0.00000   0.00044   0.11741   0.85483   0.14136   0.00239   0.00057   0.00217   0.00000   0.00000   0.00493   0.00099   0.00048   0.00000   0.00091   0.00077   0.00486   1.94926   0.02983   1.00306   1.12700  
 46 1943.0952   7641.396330  x:  0.00000   0.00052   0.11743   0.85479   0.14137   0.00221   0.00043   0.00219   0.00000   0.00000   0.00446   0.00114   0.00051   0.00000   0.00098   0.00076   0.00471   1.94926   0.02979   1.00306   1.12700  
 47 439.3652   7641.337810  x:  0.00000   0.00048   0.11745   0.85475   0.14138   0.00205   0.00054   0.00222   0.00000   0.00000   0.00414   0.00128   0.00048   0.00000   0.00100   0.00074   0.00457   1.94927   0.02976   1.00306   1.12700  
 48 906.4239   7641.333542  x:  0.00000   0.00048   0.11747   0.85472   0.14140   0.00207   0.00053   0.00221   0.00000   0.00000   0.00411   0.00131   0.00048   0.00000   0.00092   0.00074   0.00455   1.94928   0.02975   1.00306   1.12700  
 49 73.6411   7641.322451  x:  0.00000   0.00046   0.11763   0.85442   0.14150   0.00224   0.00054   0.00220   0.00000   0.00000   0.00408   0.00138   0.00048   0.00000   0.00097   0.00075   0.00447   1.94932   0.02966   1.00305   1.12701  
 50 48.4202   7641.141105  x:  0.00000   0.00048   0.12063   0.84903   0.14344   0.00206   0.00053   0.00220   0.00000   0.00000   0.00417   0.00123   0.00048   0.00000   0.00095   0.00073   0.00424   1.95016   0.02846   1.00281   1.12709  
 51 175.7231   7640.747500  x:  0.00000   0.00045   0.12732   0.83639   0.14768   0.00212   0.00052   0.00219   0.00000   0.00000   0.00399   0.00103   0.00048   0.00000   0.00094   0.00070   0.00356   1.95213   0.03002   1.00226   1.12730  
 52 628.6898   7640.109276  x:  0.00000   0.00043   0.12389   0.81210   0.14196   0.00215   0.00050   0.00219   0.00000   0.00000   0.00383   0.00067   0.00047   0.00000   0.00093   0.00064   0.00234   1.95607   0.03048   1.00112   1.12773  
 53 78.7418   7639.870188  x:  0.00000   0.00044   0.11926   0.78215   0.14597   0.00214   0.00051   0.00220   0.00000   0.00000   0.00388   0.00078   0.00048   0.00000   0.00094   0.00066   0.00271   1.96247   0.03120   0.99894   1.12852  
 54 17.6258   7639.853309  x:  0.00000   0.00044   0.12186   0.77987   0.14295   0.00214   0.00051   0.00220   0.00000   0.00000   0.00390   0.00080   0.00048   0.00000   0.00094   0.00066   0.00278   1.96431   0.03126   0.99808   1.12884  
 55  6.9395   7639.572946  x:  0.00000   0.00046   0.12159   0.79022   0.14323   0.00215   0.00052   0.00232   0.00000   0.00000   0.00396   0.00083   0.00050   0.00000   0.00092   0.00068   0.00272   2.10144   0.03137   0.92638   1.15504  
 56  2.6828   7638.079562  x:  0.00000   0.00066   0.12080   0.78743   0.14259   0.00226   0.00063   0.00321   0.00000   0.00000   0.00444   0.00101   0.00066   0.00000   0.00085   0.00082   0.00233   2.04645   0.03146   0.35221   1.36228  
 57  2.0803   7637.584310  x:  0.00000   0.00084   0.11995   0.78566   0.14193   0.00234   0.00072   0.00398   0.00000   0.00000   0.00456   0.00089   0.00080   0.00000   0.00081   0.00091   0.00247   1.99722   0.03148   0.74131   1.53961  
 58  0.8051   7637.429100  x:  0.00000   0.00094   0.11982   0.78677   0.14187   0.00234   0.00076   0.00441   0.00000   0.00000   0.00423   0.00066   0.00086   0.00000   0.00084   0.00091   0.00287   2.00795   0.03146   0.62533   1.58138  
 59  0.1719   7637.278086  x:  0.00000   0.00109   0.11992   0.78712   0.14205   0.00226   0.00083   0.00493   0.00000   0.00000   0.00413   0.00090   0.00092   0.00000   0.00088   0.00091   0.00264   2.02010   0.03149   0.49162   1.59103  
 60  0.1788   7637.264392  x:  0.00000   0.00112   0.12011   0.78606   0.14223   0.00222   0.00083   0.00498   0.00000   0.00000   0.00436   0.00087   0.00091   0.00000   0.00084   0.00088   0.00252   2.01999   0.03152   0.48325   1.54830  
 61  0.0434   7637.259700  x:  0.00000   0.00114   0.12000   0.78716   0.14204   0.00222   0.00082   0.00498   0.00000   0.00000   0.00433   0.00085   0.00088   0.00000   0.00084   0.00084   0.00254   2.01757   0.03146   0.49498   1.47001  
 62  0.0364   7637.258933  x:  0.00000   0.00117   0.12007   0.78645   0.14217   0.00222   0.00082   0.00499   0.00000   0.00000   0.00432   0.00086   0.00088   0.00000   0.00085   0.00084   0.00255   2.01857   0.03149   0.48765   1.45331  
 63  0.0139   7637.258698  x:  0.00000   0.00118   0.12006   0.78640   0.14217   0.00221   0.00083   0.00499   0.00000   0.00000   0.00432   0.00086   0.00087   0.00000   0.00085   0.00085   0.00255   2.01888   0.03150   0.49183   1.45359  
 64  0.0028   7637.258632  x:  0.00000   0.00119   0.12003   0.78660   0.14213   0.00221   0.00083   0.00498   0.00000   0.00000   0.00432   0.00086   0.00087   0.00000   0.00085   0.00085   0.00255   2.01847   0.03149   0.48974   1.45815  
 65  0.0035   7637.258610  x:  0.00000   0.00119   0.12005   0.78653   0.14215   0.00221   0.00083   0.00498   0.00000   0.00000   0.00432   0.00086   0.00087   0.00000   0.00085   0.00085   0.00255   2.01848   0.03149   0.49071   1.46249  
 66  0.0028   7637.258606  x:  0.00000   0.00119   0.12005   0.78653   0.14215   0.00221   0.00083   0.00498   0.00000   0.00000   0.00432   0.00086   0.00087   0.00000   0.00085   0.00085   0.00255   2.01858   0.03149   0.49031   1.46339  