Supplemental results for CODEML (seqf: Spropercds.txt  treef: sgene.tree)


MLEs of dN/dS (w) for site classes (K=4)

site class             0        1       2a       2b
proportion       0.00000  0.00000  0.95171  0.04829
background w     0.01033  1.00000  0.01033  1.00000
foreground w     0.01033  1.00000  1.00000  1.00000

Naive Empirical Bayes (NEB) probabilities for 4 classes
(amino acids refer to 1st sequence: lclNC_045512.2_ref_gene_S/1-3717)

   1 M   0.00000 0.00000 0.99515 0.00485 ( 3)
   2 F   0.00000 0.00000 0.99738 0.00262 ( 3)
   3 V   0.00000 0.00000 0.99678 0.00322 ( 3)
   4 F   0.00000 0.00000 0.99738 0.00262 ( 3)
   5 L   0.00000 0.00000 0.99666 0.00334 ( 3)
   6 V   0.00000 0.00000 0.99678 0.00322 ( 3)
   7 L   0.00000 0.00000 0.99041 0.00959 ( 3)
   8 L   0.00000 0.00000 0.98437 0.01563 ( 3)
   9 P   0.00000 0.00000 0.99012 0.00988 ( 3)
  10 L   0.00000 0.00000 0.98574 0.01426 ( 3)
  11 V   0.00000 0.00000 0.98645 0.01355 ( 3)
  12 S   0.00000 0.00000 0.99635 0.00365 ( 3)
  13 S   0.00000 0.00000 0.99779 0.00221 ( 3)
  14 Q   0.00000 0.00000 0.98145 0.01855 ( 3)
  15 C   0.00000 0.00000 0.99629 0.00370 ( 3)
  16 V   0.00000 0.00000 0.99678 0.00322 ( 3)
  17 N   0.00000 0.00000 0.99761 0.00239 ( 3)
  18 L   0.00000 0.00000 0.99666 0.00334 ( 3)
  19 T   0.00000 0.00000 0.99262 0.00738 ( 3)
  20 T   0.00000 0.00000 0.98618 0.01382 ( 3)
  21 R   0.00000 0.00000 0.99354 0.00646 ( 3)
  22 T   0.00000 0.00000 0.99700 0.00300 ( 3)
  23 Q   0.00000 0.00000 0.99077 0.00923 ( 3)
  24 L   0.00000 0.00000 0.99043 0.00957 ( 3)
  25 P   0.00000 0.00000 0.98215 0.01785 ( 3)
  26 P   0.00000 0.00000 0.99625 0.00375 ( 3)
  27 A   0.00000 0.00000 0.99254 0.00746 ( 3)
  28 Y   0.00000 0.00000 0.98416 0.01584 ( 3)
  29 T   0.00000 0.00000 0.99700 0.00300 ( 3)
  30 N   0.00000 0.00000 0.99762 0.00238 ( 3)
  31 S   0.00000 0.00000 0.99637 0.00363 ( 3)
  32 F   0.00000 0.00000 0.98921 0.01079 ( 3)
  33 T   0.00000 0.00000 0.99264 0.00736 ( 3)
  34 R   0.00000 0.00000 0.99483 0.00517 ( 3)
  35 G   0.00000 0.00000 0.99706 0.00294 ( 3)
  36 V   0.00000 0.00000 0.99680 0.00320 ( 3)
  37 Y   0.00000 0.00000 0.99638 0.00362 ( 3)
  38 Y   0.00000 0.00000 0.98416 0.01584 ( 3)
  39 P   0.00000 0.00000 0.99625 0.00375 ( 3)
  40 D   0.00000 0.00000 0.99111 0.00889 ( 3)
  41 K   0.00000 0.00000 0.99542 0.00458 ( 3)
  42 V   0.00000 0.00000 0.99680 0.00320 ( 3)
  43 F   0.00000 0.00000 0.98921 0.01079 ( 3)
  44 R   0.00000 0.00000 0.99354 0.00646 ( 3)
  45 S   0.00000 0.00000 0.98364 0.01636 ( 3)
  46 S   0.00000 0.00000 0.98665 0.01335 ( 3)
  47 V   0.00000 0.00000 0.99680 0.00320 ( 3)
  48 L   0.00000 0.00000 0.99043 0.00957 ( 3)
  49 H   0.00000 0.00000 0.99733 0.00267 ( 3)
  50 S   0.00000 0.00000 0.98665 0.01335 ( 3)
  51 T   0.00000 0.00000 0.99700 0.00300 ( 3)
  52 Q   0.00000 0.00000 0.98147 0.01853 ( 3)
  53 D   0.00000 0.00000 0.99111 0.00889 ( 3)
  54 L   0.00000 0.00000 0.98439 0.01561 ( 3)
  55 F   0.00000 0.00000 0.98921 0.01079 ( 3)
  56 L   0.00000 0.00000 0.99043 0.00957 ( 3)
  57 P   0.00000 0.00000 0.99625 0.00375 ( 3)
  58 F   0.00000 0.00000 0.98921 0.01079 ( 3)
  59 F   0.00000 0.00000 0.99739 0.00261 ( 3)
  60 S   0.00000 0.00000 0.98364 0.01636 ( 3)
  61 N   0.00000 0.00000 0.99762 0.00238 ( 3)
  62 V   0.00000 0.00000 0.99680 0.00320 ( 3)
  63 T   0.00000 0.00000 0.99700 0.00300 ( 3)
  64 W   0.00000 0.00000 0.97757 0.02243 ( 3)
  65 F   0.00000 0.00000 0.98921 0.01079 ( 3)
  66 H   0.00000 0.00000 0.99733 0.00267 ( 3)
  67 A   0.00000 0.00000 0.99702 0.00298 ( 3)
  68 I   0.00000 0.00000 0.98002 0.01998 ( 3)
  69 H   0.00000 0.00000 0.95171 0.04829 ( 3)
  70 V   0.00000 0.00000 0.97277 0.02723 ( 3)
  71 S   0.00000 0.00000 0.99637 0.00363 ( 3)
  72 G   0.00000 0.00000 0.97699 0.02301 ( 3)
  73 T   0.00000 0.00000 0.98602 0.01398 ( 3)
  74 N   0.00000 0.00000 0.99752 0.00248 ( 3)
  75 G   0.00000 0.00000 0.99706 0.00294 ( 3)
  76 T   0.00000 0.00000 0.99700 0.00300 ( 3)
  77 K   0.00000 0.00000 0.98982 0.01018 ( 3)
  78 R   0.00000 0.00000 0.98490 0.01510 ( 3)
  79 F   0.00000 0.00000 0.99739 0.00261 ( 3)
  80 D   0.00000 0.00000 0.81351 0.18649 ( 3)
  81 N   0.00000 0.00000 0.99135 0.00865 ( 3)
  82 P   0.00000 0.00000 0.99625 0.00375 ( 3)
  83 V   0.00000 0.00000 0.98647 0.01353 ( 3)
  84 L   0.00000 0.00000 0.98576 0.01424 ( 3)
  85 P   0.00000 0.00000 0.99014 0.00986 ( 3)
  86 F   0.00000 0.00000 0.99739 0.00261 ( 3)
  87 N   0.00000 0.00000 0.99762 0.00238 ( 3)
  88 D   0.00000 0.00000 0.99766 0.00234 ( 3)
  89 G   0.00000 0.00000 0.99706 0.00294 ( 3)
  90 V   0.00000 0.00000 0.99680 0.00320 ( 3)
  91 Y   0.00000 0.00000 0.99638 0.00362 ( 3)
  92 F   0.00000 0.00000 0.99739 0.00261 ( 3)
  93 A   0.00000 0.00000 0.99702 0.00298 ( 3)
  94 S   0.00000 0.00000 0.98364 0.01636 ( 3)
  95 T   0.00000 0.00000 0.99700 0.00300 ( 3)
  96 E   0.00000 0.00000 0.98931 0.01069 ( 3)
  97 K   0.00000 0.00000 0.98982 0.01018 ( 3)
  98 S   0.00000 0.00000 0.99637 0.00363 ( 3)
  99 N   0.00000 0.00000 0.99135 0.00865 ( 3)
 100 I   0.00000 0.00000 0.99398 0.00602 ( 3)
 101 I   0.00000 0.00000 0.99398 0.00602 ( 3)
 102 R   0.00000 0.00000 0.99354 0.00646 ( 3)
 103 G   0.00000 0.00000 0.98430 0.01570 ( 3)
 104 W   0.00000 0.00000 0.97757 0.02243 ( 3)
 105 I   0.00000 0.00000 0.99706 0.00294 ( 3)
 106 F   0.00000 0.00000 0.99739 0.00261 ( 3)
 107 G   0.00000 0.00000 0.99706 0.00294 ( 3)
 108 T   0.00000 0.00000 0.99700 0.00300 ( 3)
 109 T   0.00000 0.00000 0.99700 0.00300 ( 3)
 110 L   0.00000 0.00000 0.99043 0.00957 ( 3)
 111 D   0.00000 0.00000 0.99766 0.00234 ( 3)
 112 S   0.00000 0.00000 0.97358 0.02642 ( 3)
 113 K   0.00000 0.00000 0.98982 0.01018 ( 3)
 114 T   0.00000 0.00000 0.98620 0.01380 ( 3)
 115 Q   0.00000 0.00000 0.98147 0.01853 ( 3)
 116 S   0.00000 0.00000 0.98364 0.01636 ( 3)
 117 L   0.00000 0.00000 0.98576 0.01424 ( 3)
 118 L   0.00000 0.00000 0.99667 0.00333 ( 3)
 119 I   0.00000 0.00000 0.99706 0.00294 ( 3)
 120 V   0.00000 0.00000 0.99680 0.00320 ( 3)
 121 N   0.00000 0.00000 0.99762 0.00238 ( 3)
 122 N   0.00000 0.00000 0.99135 0.00865 ( 3)
 123 A   0.00000 0.00000 0.99702 0.00298 ( 3)
 124 T   0.00000 0.00000 0.99700 0.00300 ( 3)
 125 N   0.00000 0.00000 0.99762 0.00238 ( 3)
 126 V   0.00000 0.00000 0.99680 0.00320 ( 3)
 127 V   0.00000 0.00000 0.99680 0.00320 ( 3)
 128 I   0.00000 0.00000 0.99706 0.00294 ( 3)
 129 K   0.00000 0.00000 0.99542 0.00458 ( 3)
 130 V   0.00000 0.00000 0.98647 0.01353 ( 3)
 131 C   0.00000 0.00000 0.99631 0.00369 ( 3)
 132 E   0.00000 0.00000 0.99528 0.00472 ( 3)
 133 F   0.00000 0.00000 0.99739 0.00261 ( 3)
 134 Q   0.00000 0.00000 0.99077 0.00923 ( 3)
 135 F   0.00000 0.00000 0.99739 0.00261 ( 3)
 136 C   0.00000 0.00000 0.99631 0.00369 ( 3)
 137 N   0.00000 0.00000 0.99762 0.00238 ( 3)
 138 D   0.00000 0.00000 0.99766 0.00234 ( 3)
 139 P   0.00000 0.00000 0.99014 0.00986 ( 3)
 140 F   0.00000 0.00000 0.99739 0.00261 ( 3)
 141 L   0.00000 0.00000 0.98439 0.01561 ( 3)
 142 G   0.00000 0.00000 0.99706 0.00294 ( 3)
 143 V   0.00000 0.00000 0.99583 0.00417 ( 3)
 144 Y   0.00000 0.00000 0.95884 0.04116 ( 3)
 145 Y   0.00000 0.00000 0.98436 0.01564 ( 3)
 146 H   0.00000 0.00000 0.99201 0.00799 ( 3)
 147 K   0.00000 0.00000 0.67584 0.32416 ( 3)
 148 N   0.00000 0.00000 0.99135 0.00865 ( 3)
 149 N   0.00000 0.00000 0.99401 0.00599 ( 3)
 150 K   0.00000 0.00000 0.99542 0.00458 ( 3)
 151 S   0.00000 0.00000 0.57373 0.42627 ( 3)
 152 W   0.00000 0.00000 0.97757 0.02243 ( 3)
 153 M   0.00000 0.00000 0.27176 0.72824 ( 4)
 154 E   0.00000 0.00000 0.99528 0.00472 ( 3)
 155 S   0.00000 0.00000 0.81627 0.18373 ( 3)
 156 E   0.00000 0.00000 0.98931 0.01069 ( 3)
 157 F   0.00000 0.00000 0.99288 0.00712 ( 3)
 158 R   0.00000 0.00000 0.99354 0.00646 ( 3)
 159 V   0.00000 0.00000 0.99680 0.00320 ( 3)
 160 Y   0.00000 0.00000 0.99468 0.00532 ( 3)
 161 S   0.00000 0.00000 0.99436 0.00564 ( 3)
 162 S   0.00000 0.00000 0.99780 0.00220 ( 3)
 163 A   0.00000 0.00000 0.98350 0.01650 ( 3)
 164 N   0.00000 0.00000 0.99661 0.00339 ( 3)
 165 N   0.00000 0.00000 0.99762 0.00238 ( 3)
 166 C   0.00000 0.00000 0.98273 0.01727 ( 3)
 167 T   0.00000 0.00000 0.99700 0.00300 ( 3)
 168 F   0.00000 0.00000 0.99586 0.00414 ( 3)
 169 E   0.00000 0.00000 0.99390 0.00610 ( 3)
 170 Y   0.00000 0.00000 0.99445 0.00555 ( 3)
 171 V   0.00000 0.00000 0.58813 0.41187 ( 3)
 172 S   0.00000 0.00000 0.99637 0.00363 ( 3)
 173 Q   0.00000 0.00000 0.98445 0.01555 ( 3)
 174 P   0.00000 0.00000 0.99625 0.00375 ( 3)
 175 F   0.00000 0.00000 0.99739 0.00261 ( 3)
 176 L   0.00000 0.00000 0.99667 0.00333 ( 3)
 177 M   0.00000 0.00000 0.99516 0.00484 ( 3)
 178 D   0.00000 0.00000 0.99111 0.00889 ( 3)
 179 L   0.00000 0.00000 0.99667 0.00333 ( 3)
 180 E   0.00000 0.00000 0.99528 0.00472 ( 3)
 181 G   0.00000 0.00000 0.99062 0.00937 ( 3)
 182 K   0.00000 0.00000 0.99356 0.00643 ( 3)
 183 Q   0.00000 0.00000 0.98445 0.01555 ( 3)
 184 G   0.00000 0.00000 0.99706 0.00294 ( 3)
 185 N   0.00000 0.00000 0.99762 0.00238 ( 3)
 186 F   0.00000 0.00000 0.99288 0.00712 ( 3)
 187 K   0.00000 0.00000 0.99356 0.00643 ( 3)
 188 N   0.00000 0.00000 0.99661 0.00339 ( 3)
 189 L   0.00000 0.00000 0.99667 0.00333 ( 3)
 190 R   0.00000 0.00000 0.98778 0.01222 ( 3)
 191 E   0.00000 0.00000 0.99330 0.00670 ( 3)
 192 F   0.00000 0.00000 0.99602 0.00398 ( 3)
 193 V   0.00000 0.00000 0.97945 0.02055 ( 3)
 194 F   0.00000 0.00000 0.99739 0.00261 ( 3)
 195 K   0.00000 0.00000 0.99136 0.00864 ( 3)
 196 N   0.00000 0.00000 0.99762 0.00238 ( 3)
 197 I   0.00000 0.00000 0.79601 0.20399 ( 3)
 198 D   0.00000 0.00000 0.99766 0.00234 ( 3)
 199 G   0.00000 0.00000 0.99706 0.00294 ( 3)
 200 Y   0.00000 0.00000 0.99638 0.00362 ( 3)
 201 F   0.00000 0.00000 0.99188 0.00812 ( 3)
 202 K   0.00000 0.00000 0.99356 0.00643 ( 3)
 203 I   0.00000 0.00000 0.99479 0.00521 ( 3)
 204 Y   0.00000 0.00000 0.99445 0.00555 ( 3)
 205 S   0.00000 0.00000 0.99637 0.00363 ( 3)
 206 K   0.00000 0.00000 0.99376 0.00624 ( 3)
 207 H   0.00000 0.00000 0.98978 0.01022 ( 3)
 208 T   0.00000 0.00000 0.98575 0.01425 ( 3)
 209 P   0.00000 0.00000 0.99625 0.00375 ( 3)
 210 I   0.00000 0.00000 0.99706 0.00294 ( 3)
 211 N   0.00000 0.00000 0.83851 0.16149 ( 3)
 212 L   0.00000 0.00000 0.99043 0.00957 ( 3)
 213 V   0.00000 0.00000 0.97945 0.02055 ( 3)
 214 R   0.00000 0.00000 0.99123 0.00877 ( 3)
 215 D   0.00000 0.00000 0.74894 0.25106 ( 3)
 216 L   0.00000 0.00000 0.98684 0.01316 ( 3)
 217 P   0.00000 0.00000 0.98585 0.01414 ( 3)
 218 Q   0.00000 0.00000 0.00025 0.99975 ( 4)
 219 G   0.00000 0.00000 0.99706 0.00294 ( 3)
 220 F   0.00000 0.00000 0.99739 0.00261 ( 3)
 221 S   0.00000 0.00000 0.46011 0.53989 ( 4)
 222 A   0.00000 0.00000 0.99598 0.00401 ( 3)
 223 L   0.00000 0.00000 0.98777 0.01223 ( 3)
 224 E   0.00000 0.00000 0.99528 0.00472 ( 3)
 225 P   0.00000 0.00000 0.99014 0.00986 ( 3)
 226 L   0.00000 0.00000 0.97946 0.02054 ( 3)
 227 V   0.00000 0.00000 0.99016 0.00984 ( 3)
 228 D   0.00000 0.00000 0.99658 0.00342 ( 3)
 229 L   0.00000 0.00000 0.97574 0.02426 ( 3)
 230 P   0.00000 0.00000 0.99242 0.00758 ( 3)
 231 I   0.00000 0.00000 0.99398 0.00602 ( 3)
 232 G   0.00000 0.00000 0.99706 0.00294 ( 3)
 233 I   0.00000 0.00000 0.99706 0.00294 ( 3)
 234 N   0.00000 0.00000 0.99401 0.00599 ( 3)
 235 I   0.00000 0.00000 0.99251 0.00749 ( 3)
 236 T   0.00000 0.00000 0.99543 0.00457 ( 3)
 237 R   0.00000 0.00000 0.98778 0.01222 ( 3)
 238 F   0.00000 0.00000 0.99586 0.00414 ( 3)
 239 Q   0.00000 0.00000 0.99077 0.00923 ( 3)
 240 T   0.00000 0.00000 0.98394 0.01606 ( 3)
 241 L   0.00000 0.00000 0.95171 0.04829 ( 3)
 242 L   0.00000 0.00000 0.95171 0.04829 ( 3)
 243 A   0.00000 0.00000 0.98737 0.01263 ( 3)
 244 L   0.00000 0.00000 0.99043 0.00957 ( 3)
 245 H   0.00000 0.00000 0.99733 0.00267 ( 3)
 246 R   0.00000 0.00000 0.99354 0.00646 ( 3)
 247 S   0.00000 0.00000 0.99653 0.00347 ( 3)
 248 Y   0.00000 0.00000 0.99638 0.00362 ( 3)
 249 L   0.00000 0.00000 0.94131 0.05869 ( 3)
 250 T   0.00000 0.00000 0.99604 0.00396 ( 3)
 251 P   0.00000 0.00000 0.99625 0.00375 ( 3)
 252 G   0.00000 0.00000 0.99706 0.00294 ( 3)
 253 D   0.00000 0.00000 0.03669 0.96331 ( 4)
 254 S   0.00000 0.00000 0.18582 0.81418 ( 4)
 255 S   0.00000 0.00000 0.00362 0.99638 ( 4)
 256 S   0.00000 0.00000 0.00652 0.99348 ( 4)
 257 G   0.00000 0.00000 0.99472 0.00528 ( 3)
 258 W   0.00000 0.00000 0.97755 0.02245 ( 3)
 259 T   0.00000 0.00000 0.99254 0.00746 ( 3)
 260 A   0.00000 0.00000 0.77510 0.22490 ( 3)
 261 G   0.00000 0.00000 0.99521 0.00479 ( 3)
 262 A   0.00000 0.00000 0.99691 0.00309 ( 3)
 263 A   0.00000 0.00000 0.99405 0.00595 ( 3)
 264 A   0.00000 0.00000 0.99691 0.00309 ( 3)
 265 Y   0.00000 0.00000 0.99427 0.00573 ( 3)
 266 Y   0.00000 0.00000 0.99626 0.00374 ( 3)
 267 V   0.00000 0.00000 0.98587 0.01413 ( 3)
 268 G   0.00000 0.00000 0.99696 0.00304 ( 3)
 269 Y   0.00000 0.00000 0.99427 0.00573 ( 3)
 270 L   0.00000 0.00000 0.99410 0.00590 ( 3)
 271 Q   0.00000 0.00000 0.99061 0.00939 ( 3)
 272 P   0.00000 0.00000 0.34575 0.65425 ( 4)
 273 R   0.00000 0.00000 0.98472 0.01528 ( 3)
 274 T   0.00000 0.00000 0.99689 0.00311 ( 3)
 275 F   0.00000 0.00000 0.99729 0.00271 ( 3)
 276 L   0.00000 0.00000 0.98537 0.01463 ( 3)
 277 L   0.00000 0.00000 0.98891 0.01109 ( 3)
 278 K   0.00000 0.00000 0.02931 0.97069 ( 4)
 279 Y   0.00000 0.00000 0.99427 0.00573 ( 3)
 280 N   0.00000 0.00000 0.99752 0.00248 ( 3)
 281 E   0.00000 0.00000 0.54296 0.45704 ( 3)
 282 N   0.00000 0.00000 0.99752 0.00248 ( 3)
 283 G   0.00000 0.00000 0.99046 0.00954 ( 3)
 284 T   0.00000 0.00000 0.98602 0.01398 ( 3)
 285 I   0.00000 0.00000 0.99695 0.00305 ( 3)
 286 T   0.00000 0.00000 0.99248 0.00752 ( 3)
 287 D   0.00000 0.00000 0.99756 0.00244 ( 3)
 288 A   0.00000 0.00000 0.99691 0.00309 ( 3)
 289 V   0.00000 0.00000 0.99405 0.00595 ( 3)
 290 D   0.00000 0.00000 0.99382 0.00618 ( 3)
 291 C   0.00000 0.00000 0.99620 0.00380 ( 3)
 292 A   0.00000 0.00000 0.46466 0.53534 ( 4)
 293 L   0.00000 0.00000 0.99410 0.00590 ( 3)
 294 D   0.00000 0.00000 0.99095 0.00905 ( 3)
 295 P   0.00000 0.00000 0.99614 0.00386 ( 3)
 296 L   0.00000 0.00000 0.99452 0.00547 ( 3)
 297 S   0.00000 0.00000 0.98646 0.01354 ( 3)
 298 E   0.00000 0.00000 0.99312 0.00688 ( 3)
 299 T   0.00000 0.00000 0.99248 0.00752 ( 3)
 300 K   0.00000 0.00000 0.98966 0.01034 ( 3)
 301 C   0.00000 0.00000 0.99332 0.00668 ( 3)
 302 T   0.00000 0.00000 0.98563 0.01437 ( 3)
 303 L   0.00000 0.00000 0.98835 0.01165 ( 3)
 304 K   0.00000 0.00000 0.99530 0.00470 ( 3)
 305 S   0.00000 0.00000 0.98346 0.01654 ( 3)
 306 F   0.00000 0.00000 0.46200 0.53800 ( 4)
 307 T   0.00000 0.00000 0.99589 0.00411 ( 3)
 308 V   0.00000 0.00000 0.99565 0.00435 ( 3)
 309 E   0.00000 0.00000 0.99515 0.00485 ( 3)
 310 K   0.00000 0.00000 0.99530 0.00470 ( 3)
 311 G   0.00000 0.00000 0.99046 0.00954 ( 3)
 312 I   0.00000 0.00000 0.99519 0.00481 ( 3)
 313 Y   0.00000 0.00000 0.99427 0.00573 ( 3)
 314 Q   0.00000 0.00000 0.98722 0.01278 ( 3)
 315 T   0.00000 0.00000 0.99527 0.00473 ( 3)
 316 S   0.00000 0.00000 0.99625 0.00375 ( 3)
 317 N   0.00000 0.00000 0.99119 0.00881 ( 3)
 318 F   0.00000 0.00000 0.99572 0.00428 ( 3)
 319 R   0.00000 0.00000 0.99352 0.00648 ( 3)
 320 V   0.00000 0.00000 0.99170 0.00830 ( 3)
 321 Q   0.00000 0.00000 0.99075 0.00925 ( 3)
 322 P   0.00000 0.00000 0.99012 0.00988 ( 3)
 323 T   0.00000 0.00000 0.99262 0.00738 ( 3)
 324 E   0.00000 0.00000 0.00018 0.99982 ( 4)
 325 S   0.00000 0.00000 0.01482 0.98518 ( 4)
 326 I   0.00000 0.00000 0.99626 0.00374 ( 3)
 327 V   0.00000 0.00000 0.99678 0.00322 ( 3)
 328 R   0.00000 0.00000 0.99354 0.00646 ( 3)
 329 F   0.00000 0.00000 0.99602 0.00398 ( 3)
 330 P   0.00000 0.00000 0.99544 0.00456 ( 3)
 331 N   0.00000 0.00000 0.99762 0.00238 ( 3)
 332 I   0.00000 0.00000 0.99706 0.00294 ( 3)
 333 T   0.00000 0.00000 0.99264 0.00736 ( 3)
 334 N   0.00000 0.00000 0.99135 0.00865 ( 3)
 335 L   0.00000 0.00000 0.98848 0.01152 ( 3)
 336 C   0.00000 0.00000 0.99431 0.00569 ( 3)
 337 P   0.00000 0.00000 0.99450 0.00550 ( 3)
 338 F   0.00000 0.00000 0.99739 0.00261 ( 3)
 339 G   0.00000 0.00000 0.99536 0.00464 ( 3)
 340 E   0.00000 0.00000 0.99528 0.00472 ( 3)
 341 V   0.00000 0.00000 0.99482 0.00518 ( 3)
 342 F   0.00000 0.00000 0.99739 0.00261 ( 3)
 343 N   0.00000 0.00000 0.99135 0.00865 ( 3)
 344 A   0.00000 0.00000 0.98915 0.01085 ( 3)
 345 T   0.00000 0.00000 0.37200 0.62800 ( 4)
 346 R   0.00000 0.00000 0.01447 0.98553 ( 4)
 347 F   0.00000 0.00000 0.99602 0.00398 ( 3)
 348 A   0.00000 0.00000 0.99254 0.00746 ( 3)
 349 S   0.00000 0.00000 0.98933 0.01067 ( 3)
 350 V   0.00000 0.00000 0.99680 0.00320 ( 3)
 351 Y   0.00000 0.00000 0.99638 0.00362 ( 3)
 352 A   0.00000 0.00000 0.99702 0.00298 ( 3)
 353 W   0.00000 0.00000 0.97757 0.02243 ( 3)
 354 N   0.00000 0.00000 0.99135 0.00865 ( 3)
 355 R   0.00000 0.00000 0.98602 0.01398 ( 3)
 356 K   0.00000 0.00000 0.98982 0.01018 ( 3)
 357 R   0.00000 0.00000 0.99354 0.00646 ( 3)
 358 I   0.00000 0.00000 0.99526 0.00474 ( 3)
 359 S   0.00000 0.00000 0.98830 0.01170 ( 3)
 360 N   0.00000 0.00000 0.99401 0.00599 ( 3)
 361 C   0.00000 0.00000 0.99631 0.00369 ( 3)
 362 V   0.00000 0.00000 0.99680 0.00320 ( 3)
 363 A   0.00000 0.00000 0.99702 0.00298 ( 3)
 364 D   0.00000 0.00000 0.99766 0.00234 ( 3)
 365 Y   0.00000 0.00000 0.98853 0.01147 ( 3)
 366 S   0.00000 0.00000 0.99637 0.00363 ( 3)
 367 V   0.00000 0.00000 0.98957 0.01043 ( 3)
 368 L   0.00000 0.00000 0.99064 0.00936 ( 3)
 369 Y   0.00000 0.00000 0.99638 0.00362 ( 3)
 370 N   0.00000 0.00000 0.99661 0.00339 ( 3)
 371 S   0.00000 0.00000 0.99007 0.00993 ( 3)
 372 A   0.00000 0.00000 0.48828 0.51172 ( 4)
 373 S   0.00000 0.00000 0.98665 0.01335 ( 3)
 374 F   0.00000 0.00000 0.99739 0.00261 ( 3)
 375 S   0.00000 0.00000 0.98711 0.01289 ( 3)
 376 T   0.00000 0.00000 0.99543 0.00457 ( 3)
 377 F   0.00000 0.00000 0.99739 0.00261 ( 3)
 378 K   0.00000 0.00000 0.99376 0.00624 ( 3)
 379 C   0.00000 0.00000 0.99631 0.00369 ( 3)
 380 Y   0.00000 0.00000 0.99638 0.00362 ( 3)
 381 G   0.00000 0.00000 0.99062 0.00937 ( 3)
 382 V   0.00000 0.00000 0.98926 0.01074 ( 3)
 383 S   0.00000 0.00000 0.99436 0.00564 ( 3)
 384 P   0.00000 0.00000 0.99625 0.00375 ( 3)
 385 T   0.00000 0.00000 0.99604 0.00396 ( 3)
 386 K   0.00000 0.00000 0.99542 0.00458 ( 3)
 387 L   0.00000 0.00000 0.97331 0.02669 ( 3)
 388 N   0.00000 0.00000 0.99762 0.00238 ( 3)
 389 D   0.00000 0.00000 0.99658 0.00342 ( 3)
 390 L   0.00000 0.00000 0.99018 0.00982 ( 3)
 391 C   0.00000 0.00000 0.98273 0.01727 ( 3)
 392 F   0.00000 0.00000 0.99586 0.00414 ( 3)
 393 T   0.00000 0.00000 0.99543 0.00457 ( 3)
 394 N   0.00000 0.00000 0.99762 0.00238 ( 3)
 395 V   0.00000 0.00000 0.99074 0.00926 ( 3)
 396 Y   0.00000 0.00000 0.99638 0.00362 ( 3)
 397 A   0.00000 0.00000 0.99254 0.00746 ( 3)
 398 D   0.00000 0.00000 0.99356 0.00644 ( 3)
 399 S   0.00000 0.00000 0.98665 0.01335 ( 3)
 400 F   0.00000 0.00000 0.99739 0.00261 ( 3)
 401 V   0.00000 0.00000 0.99234 0.00766 ( 3)
 402 I   0.00000 0.00000 0.79601 0.20399 ( 3)
 403 R   0.00000 0.00000 0.01447 0.98553 ( 4)
 404 G   0.00000 0.00000 0.99706 0.00294 ( 3)
 405 D   0.00000 0.00000 0.99658 0.00342 ( 3)
 406 E   0.00000 0.00000 0.99330 0.00670 ( 3)
 407 V   0.00000 0.00000 0.99171 0.00829 ( 3)
 408 R   0.00000 0.00000 0.99354 0.00646 ( 3)
 409 Q   0.00000 0.00000 0.99077 0.00923 ( 3)
 410 I   0.00000 0.00000 0.99358 0.00642 ( 3)
 411 A   0.00000 0.00000 0.99155 0.00845 ( 3)
 412 P   0.00000 0.00000 0.98819 0.01181 ( 3)
 413 G   0.00000 0.00000 0.98859 0.01141 ( 3)
 414 Q   0.00000 0.00000 0.99077 0.00923 ( 3)
 415 T   0.00000 0.00000 0.99700 0.00300 ( 3)
 416 G   0.00000 0.00000 0.99308 0.00692 ( 3)
 417 K   0.00000 0.00000 0.00002 0.99998 ( 4)
 418 I   0.00000 0.00000 0.99706 0.00294 ( 3)
 419 A   0.00000 0.00000 0.99702 0.00298 ( 3)
 420 D   0.00000 0.00000 0.99643 0.00357 ( 3)
 421 Y   0.00000 0.00000 0.99468 0.00532 ( 3)
 422 N   0.00000 0.00000 0.99661 0.00339 ( 3)
 423 Y   0.00000 0.00000 0.99638 0.00362 ( 3)
 424 K   0.00000 0.00000 0.99356 0.00643 ( 3)
 425 L   0.00000 0.00000 0.98239 0.01761 ( 3)
 426 P   0.00000 0.00000 0.99014 0.00986 ( 3)
 427 D   0.00000 0.00000 0.99766 0.00234 ( 3)
 428 D   0.00000 0.00000 0.99766 0.00234 ( 3)
 429 F   0.00000 0.00000 0.99739 0.00261 ( 3)
 430 T   0.00000 0.00000 0.99596 0.00404 ( 3)
 431 G   0.00000 0.00000 0.99510 0.00490 ( 3)
 432 C   0.00000 0.00000 0.99431 0.00569 ( 3)
 433 V   0.00000 0.00000 0.99680 0.00320 ( 3)
 434 I   0.00000 0.00000 0.99479 0.00521 ( 3)
 435 A   0.00000 0.00000 0.99702 0.00298 ( 3)
 436 W   0.00000 0.00000 0.97757 0.02243 ( 3)
 437 N   0.00000 0.00000 0.99661 0.00339 ( 3)
 438 S   0.00000 0.00000 0.99436 0.00564 ( 3)
 439 N   0.00000 0.00000 0.00001 0.99999 ( 4)
 440 N   0.00000 0.00000 0.02032 0.97968 ( 4)
 441 L   0.00000 0.00000 0.00395 0.99605 ( 4)
 442 D   0.00000 0.00000 0.99766 0.00234 ( 3)
 443 S   0.00000 0.00000 0.62037 0.37963 ( 3)
 444 K   0.00000 0.00000 0.00679 0.99321 ( 4)
 445 V   0.00000 0.00000 0.00004 0.99996 ( 4)
 446 G   0.00000 0.00000 0.99552 0.00448 ( 3)
 447 G   0.00000 0.00000 0.99706 0.00294 ( 3)
 448 N   0.00000 0.00000 0.99762 0.00238 ( 3)
 449 Y   0.00000 0.00000 0.65988 0.34012 ( 3)
 450 N   0.00000 0.00000 0.03469 0.96531 ( 4)
 451 Y   0.00000 0.00000 0.99425 0.00575 ( 3)
 452 L   0.00000 0.00000 0.97842 0.02158 ( 3)
 453 Y   0.00000 0.00000 0.99468 0.00532 ( 3)
 454 R   0.00000 0.00000 0.97130 0.02870 ( 3)
 455 L   0.00000 0.00000 0.94874 0.05126 ( 3)
 456 F   0.00000 0.00000 0.99739 0.00261 ( 3)
 457 R   0.00000 0.00000 0.99183 0.00817 ( 3)
 458 K   0.00000 0.00000 0.99070 0.00930 ( 3)
 459 S   0.00000 0.00000 0.66103 0.33897 ( 3)
 460 N   0.00000 0.00000 0.76658 0.23342 ( 3)
 461 L   0.00000 0.00000 0.99458 0.00542 ( 3)
 462 K   0.00000 0.00000 0.99542 0.00458 ( 3)
 463 P   0.00000 0.00000 0.99100 0.00900 ( 3)
 464 F   0.00000 0.00000 0.99739 0.00261 ( 3)
 465 E   0.00000 0.00000 0.98931 0.01069 ( 3)
 466 R   0.00000 0.00000 0.99216 0.00784 ( 3)
 467 D   0.00000 0.00000 0.99766 0.00234 ( 3)
 468 I   0.00000 0.00000 0.99562 0.00438 ( 3)
 469 S   0.00000 0.00000 0.98654 0.01346 ( 3)
 470 T   0.00000 0.00000 0.99700 0.00300 ( 3)
 471 E   0.00000 0.00000 0.99528 0.00472 ( 3)
 472 I   0.00000 0.00000 0.99358 0.00642 ( 3)
 473 Y   0.00000 0.00000 0.98853 0.01147 ( 3)
 474 Q   0.00000 0.00000 0.98883 0.01117 ( 3)
 475 A   0.00000 0.00000 0.98758 0.01242 ( 3)
 476 G   0.00000 0.00000 0.98800 0.01200 ( 3)
 477 S   0.00000 0.00000 0.46603 0.53396 ( 4)
 478 T   0.00000 0.00000 0.51086 0.48914 ( 3)
 479 P   0.00000 0.00000 0.99348 0.00652 ( 3)
 480 C   0.00000 0.00000 0.99631 0.00369 ( 3)
 481 N   0.00000 0.00000 0.99661 0.00339 ( 3)
 482 G   0.00000 0.00000 0.99706 0.00294 ( 3)
 483 V   0.00000 0.00000 0.00234 0.99766 ( 4)
 484 E   0.00000 0.00000 0.00000 1.00000 ( 4)
 485 G   0.00000 0.00000 0.99706 0.00294 ( 3)
 486 F   0.00000 0.00000 0.46662 0.53338 ( 4)
 487 N   0.00000 0.00000 0.99762 0.00238 ( 3)
 488 C   0.00000 0.00000 0.99474 0.00526 ( 3)
 489 Y   0.00000 0.00000 0.99052 0.00948 ( 3)
 490 F   0.00000 0.00000 0.60556 0.39444 ( 3)
 491 P   0.00000 0.00000 0.99544 0.00456 ( 3)
 492 L   0.00000 0.00000 0.97869 0.02131 ( 3)
 493 Q   0.00000 0.00000 0.00009 0.99990 ( 4)
 494 S   0.00000 0.00000 0.00665 0.99335 ( 4)
 495 Y   0.00000 0.00000 0.99638 0.00362 ( 3)
 496 G   0.00000 0.00000 0.99618 0.00382 ( 3)
 497 F   0.00000 0.00000 0.99568 0.00432 ( 3)
 498 Q   0.00000 0.00000 0.00725 0.99275 ( 4)
 499 P   0.00000 0.00000 0.99031 0.00969 ( 3)
 500 T   0.00000 0.00000 0.99700 0.00300 ( 3)
 501 N   0.00000 0.00000 0.00010 0.99990 ( 4)
 502 G   0.00000 0.00000 0.99706 0.00294 ( 3)
 503 V   0.00000 0.00000 0.99680 0.00320 ( 3)
 504 G   0.00000 0.00000 0.02735 0.97265 ( 4)
 505 Y   0.00000 0.00000 0.34456 0.65544 ( 4)
 506 Q   0.00000 0.00000 0.99077 0.00923 ( 3)
 507 P   0.00000 0.00000 0.99523 0.00477 ( 3)
 508 Y   0.00000 0.00000 0.63476 0.36524 ( 3)
 509 R   0.00000 0.00000 0.99216 0.00784 ( 3)
 510 V   0.00000 0.00000 0.99016 0.00984 ( 3)
 511 V   0.00000 0.00000 0.99418 0.00582 ( 3)
 512 V   0.00000 0.00000 0.99418 0.00582 ( 3)
 513 L   0.00000 0.00000 0.98026 0.01974 ( 3)
 514 S   0.00000 0.00000 0.99436 0.00564 ( 3)
 515 F   0.00000 0.00000 0.99739 0.00261 ( 3)
 516 E   0.00000 0.00000 0.99330 0.00670 ( 3)
 517 L   0.00000 0.00000 0.98026 0.01974 ( 3)
 518 L   0.00000 0.00000 0.99064 0.00936 ( 3)
 519 H   0.00000 0.00000 0.63431 0.36569 ( 3)
 520 A   0.00000 0.00000 0.47533 0.52467 ( 4)
 521 P   0.00000 0.00000 0.99014 0.00986 ( 3)
 522 A   0.00000 0.00000 0.99417 0.00583 ( 3)
 523 T   0.00000 0.00000 0.99700 0.00300 ( 3)
 524 V   0.00000 0.00000 0.99680 0.00320 ( 3)
 525 C   0.00000 0.00000 0.99631 0.00369 ( 3)
 526 G   0.00000 0.00000 0.99062 0.00937 ( 3)
 527 P   0.00000 0.00000 0.99348 0.00652 ( 3)
 528 K   0.00000 0.00000 0.99407 0.00593 ( 3)
 529 K   0.00000 0.00000 0.00724 0.99276 ( 4)
 530 S   0.00000 0.00000 0.99637 0.00363 ( 3)
 531 T   0.00000 0.00000 0.99604 0.00396 ( 3)
 532 N   0.00000 0.00000 0.45810 0.54190 ( 4)
 533 L   0.00000 0.00000 0.98258 0.01742 ( 3)
 534 V   0.00000 0.00000 0.99680 0.00320 ( 3)
 535 K   0.00000 0.00000 0.99542 0.00458 ( 3)
 536 N   0.00000 0.00000 0.62683 0.37317 ( 3)
 537 K   0.00000 0.00000 0.99542 0.00458 ( 3)
 538 C   0.00000 0.00000 0.99631 0.00369 ( 3)
 539 V   0.00000 0.00000 0.98647 0.01353 ( 3)
 540 N   0.00000 0.00000 0.99762 0.00238 ( 3)
 541 F   0.00000 0.00000 0.98921 0.01079 ( 3)
 542 N   0.00000 0.00000 0.99135 0.00865 ( 3)
 543 F   0.00000 0.00000 0.99568 0.00432 ( 3)
 544 N   0.00000 0.00000 0.99661 0.00339 ( 3)
 545 G   0.00000 0.00000 0.99706 0.00294 ( 3)
 546 L   0.00000 0.00000 0.99043 0.00957 ( 3)
 547 T   0.00000 0.00000 0.99596 0.00404 ( 3)
 548 G   0.00000 0.00000 0.98430 0.01570 ( 3)
 549 T   0.00000 0.00000 0.99264 0.00736 ( 3)
 550 G   0.00000 0.00000 0.99706 0.00294 ( 3)
 551 V   0.00000 0.00000 0.99523 0.00477 ( 3)
 552 L   0.00000 0.00000 0.99502 0.00498 ( 3)
 553 T   0.00000 0.00000 0.99390 0.00610 ( 3)
 554 E   0.00000 0.00000 0.00847 0.99153 ( 4)
 555 S   0.00000 0.00000 0.99637 0.00363 ( 3)
 556 N   0.00000 0.00000 0.64191 0.35809 ( 3)
 557 K   0.00000 0.00000 0.99542 0.00458 ( 3)
 558 K   0.00000 0.00000 0.42110 0.57890 ( 4)
 559 F   0.00000 0.00000 0.99739 0.00261 ( 3)
 560 L   0.00000 0.00000 0.97334 0.02666 ( 3)
 561 P   0.00000 0.00000 0.99625 0.00375 ( 3)
 562 F   0.00000 0.00000 0.99288 0.00712 ( 3)
 563 Q   0.00000 0.00000 0.99077 0.00923 ( 3)
 564 Q   0.00000 0.00000 0.99077 0.00923 ( 3)
 565 F   0.00000 0.00000 0.99739 0.00261 ( 3)
 566 G   0.00000 0.00000 0.99510 0.00490 ( 3)
 567 R   0.00000 0.00000 0.99354 0.00646 ( 3)
 568 D   0.00000 0.00000 0.99111 0.00889 ( 3)
 569 I   0.00000 0.00000 0.99586 0.00414 ( 3)
 570 A   0.00000 0.00000 0.66061 0.33939 ( 3)
 571 D   0.00000 0.00000 0.99111 0.00889 ( 3)
 572 T   0.00000 0.00000 0.99700 0.00300 ( 3)
 573 T   0.00000 0.00000 0.99700 0.00300 ( 3)
 574 D   0.00000 0.00000 0.99766 0.00234 ( 3)
 575 A   0.00000 0.00000 0.99544 0.00456 ( 3)
 576 V   0.00000 0.00000 0.98647 0.01353 ( 3)
 577 R   0.00000 0.00000 0.99483 0.00517 ( 3)
 578 D   0.00000 0.00000 0.99658 0.00342 ( 3)
 579 P   0.00000 0.00000 0.99014 0.00986 ( 3)
 580 Q   0.00000 0.00000 0.98147 0.01853 ( 3)
 581 T   0.00000 0.00000 0.99264 0.00736 ( 3)
 582 L   0.00000 0.00000 0.99667 0.00333 ( 3)
 583 E   0.00000 0.00000 0.53161 0.46839 ( 3)
 584 I   0.00000 0.00000 0.99628 0.00372 ( 3)
 585 L   0.00000 0.00000 0.99667 0.00333 ( 3)
 586 D   0.00000 0.00000 0.99111 0.00889 ( 3)
 587 I   0.00000 0.00000 0.99706 0.00294 ( 3)
 588 T   0.00000 0.00000 0.99153 0.00847 ( 3)
 589 P   0.00000 0.00000 0.99242 0.00758 ( 3)
 590 C   0.00000 0.00000 0.99350 0.00650 ( 3)
 591 S   0.00000 0.00000 0.99637 0.00363 ( 3)
 592 F   0.00000 0.00000 0.99739 0.00261 ( 3)
 593 G   0.00000 0.00000 0.99536 0.00464 ( 3)
 594 G   0.00000 0.00000 0.99536 0.00464 ( 3)
 595 V   0.00000 0.00000 0.99171 0.00829 ( 3)
 596 S   0.00000 0.00000 0.99780 0.00220 ( 3)
 597 V   0.00000 0.00000 0.99482 0.00518 ( 3)
 598 I   0.00000 0.00000 0.99398 0.00602 ( 3)
 599 T   0.00000 0.00000 0.99264 0.00736 ( 3)
 600 P   0.00000 0.00000 0.99119 0.00881 ( 3)
 601 G   0.00000 0.00000 0.99308 0.00692 ( 3)
 602 T   0.00000 0.00000 0.99264 0.00736 ( 3)
 603 N   0.00000 0.00000 0.99661 0.00339 ( 3)
 604 T   0.00000 0.00000 0.58321 0.41679 ( 3)
 605 S   0.00000 0.00000 0.99637 0.00363 ( 3)
 606 N   0.00000 0.00000 0.99401 0.00599 ( 3)
 607 Q   0.00000 0.00000 0.98445 0.01555 ( 3)
 608 V   0.00000 0.00000 0.99482 0.00518 ( 3)
 609 A   0.00000 0.00000 0.99702 0.00298 ( 3)
 610 V   0.00000 0.00000 0.99599 0.00401 ( 3)
 611 L   0.00000 0.00000 0.99667 0.00333 ( 3)
 612 Y   0.00000 0.00000 0.99445 0.00555 ( 3)
 613 Q   0.00000 0.00000 0.98445 0.01555 ( 3)
 614 D   0.00000 0.00000 0.01976 0.98024 ( 4)
 615 V   0.00000 0.00000 0.99680 0.00320 ( 3)
 616 N   0.00000 0.00000 0.99135 0.00865 ( 3)
 617 C   0.00000 0.00000 0.98938 0.01062 ( 3)
 618 T   0.00000 0.00000 0.99423 0.00577 ( 3)
 619 E   0.00000 0.00000 0.99528 0.00472 ( 3)
 620 V   0.00000 0.00000 0.98624 0.01376 ( 3)
 621 P   0.00000 0.00000 0.99625 0.00375 ( 3)
 622 V   0.00000 0.00000 0.33427 0.66573 ( 4)
 623 A   0.00000 0.00000 0.99535 0.00465 ( 3)
 624 I   0.00000 0.00000 0.99562 0.00438 ( 3)
 625 H   0.00000 0.00000 0.99733 0.00267 ( 3)
 626 A   0.00000 0.00000 0.99254 0.00746 ( 3)
 627 D   0.00000 0.00000 0.70368 0.29632 ( 3)
 628 Q   0.00000 0.00000 0.99077 0.00923 ( 3)
 629 L   0.00000 0.00000 0.99667 0.00333 ( 3)
 630 T   0.00000 0.00000 0.99604 0.00396 ( 3)
 631 P   0.00000 0.00000 0.99460 0.00540 ( 3)
 632 T   0.00000 0.00000 0.70231 0.29769 ( 3)
 633 W   0.00000 0.00000 0.97757 0.02243 ( 3)
 634 R   0.00000 0.00000 0.99483 0.00517 ( 3)
 635 V   0.00000 0.00000 0.99680 0.00320 ( 3)
 636 Y   0.00000 0.00000 0.98853 0.01147 ( 3)
 637 S   0.00000 0.00000 0.99463 0.00537 ( 3)
 638 T   0.00000 0.00000 0.57413 0.42587 ( 3)
 639 G   0.00000 0.00000 0.99536 0.00464 ( 3)
 640 S   0.00000 0.00000 0.62326 0.37674 ( 3)
 641 N   0.00000 0.00000 0.99762 0.00238 ( 3)
 642 V   0.00000 0.00000 0.99482 0.00518 ( 3)
 643 F   0.00000 0.00000 0.99739 0.00261 ( 3)
 644 Q   0.00000 0.00000 0.99077 0.00923 ( 3)
 645 T   0.00000 0.00000 0.99264 0.00736 ( 3)
 646 R   0.00000 0.00000 0.96880 0.03120 ( 3)
 647 A   0.00000 0.00000 0.99254 0.00746 ( 3)
 648 G   0.00000 0.00000 0.98745 0.01255 ( 3)
 649 C   0.00000 0.00000 0.99631 0.00369 ( 3)
 650 L   0.00000 0.00000 0.99043 0.00957 ( 3)
 651 I   0.00000 0.00000 0.61606 0.38394 ( 3)
 652 G   0.00000 0.00000 0.98803 0.01197 ( 3)
 653 A   0.00000 0.00000 0.99702 0.00298 ( 3)
 654 E   0.00000 0.00000 0.99330 0.00670 ( 3)
 655 H   0.00000 0.00000 0.99733 0.00267 ( 3)
 656 V   0.00000 0.00000 0.98647 0.01353 ( 3)
 657 N   0.00000 0.00000 0.99335 0.00665 ( 3)
 658 N   0.00000 0.00000 0.99401 0.00599 ( 3)
 659 S   0.00000 0.00000 0.98931 0.01069 ( 3)
 660 Y   0.00000 0.00000 0.99638 0.00362 ( 3)
 661 E   0.00000 0.00000 0.99101 0.00899 ( 3)
 662 C   0.00000 0.00000 0.99631 0.00369 ( 3)
 663 D   0.00000 0.00000 0.99111 0.00889 ( 3)
 664 I   0.00000 0.00000 0.99479 0.00521 ( 3)
 665 P   0.00000 0.00000 0.99031 0.00969 ( 3)
 666 I   0.00000 0.00000 0.72458 0.27542 ( 3)
 667 G   0.00000 0.00000 0.99706 0.00294 ( 3)
 668 A   0.00000 0.00000 0.99417 0.00583 ( 3)
 669 G   0.00000 0.00000 0.99235 0.00765 ( 3)
 670 I   0.00000 0.00000 0.99398 0.00602 ( 3)
 671 C   0.00000 0.00000 0.98938 0.01062 ( 3)
 672 A   0.00000 0.00000 0.99336 0.00664 ( 3)
 673 S   0.00000 0.00000 0.99780 0.00220 ( 3)
 674 Y   0.00000 0.00000 0.99445 0.00555 ( 3)
 675 Q   0.00000 0.00000 0.51101 0.48899 ( 3)
 676 T   0.00000 0.00000 0.63121 0.36879 ( 3)
 677 Q   0.00000 0.00000 0.00005 0.99995 ( 4)
 678 T   0.00000 0.00000 0.63742 0.36258 ( 3)
 679 N   0.00000 0.00000 0.95171 0.04829 ( 3)
 680 S   0.00000 0.00000 0.95171 0.04829 ( 3)
 681 P   0.00000 0.00000 0.95171 0.04829 ( 3)
 682 R   0.00000 0.00000 0.95171 0.04829 ( 3)
 683 R   0.00000 0.00000 0.95171 0.04829 ( 3)
 684 A   0.00000 0.00000 0.95171 0.04829 ( 3)
 685 R   0.00000 0.00000 0.99483 0.00517 ( 3)
 686 S   0.00000 0.00000 0.99780 0.00220 ( 3)
 687 V   0.00000 0.00000 0.98882 0.01118 ( 3)
 688 A   0.00000 0.00000 0.01362 0.98638 ( 4)
 689 S   0.00000 0.00000 0.00081 0.99919 ( 4)
 690 Q   0.00000 0.00000 0.22941 0.77059 ( 4)
 691 S   0.00000 0.00000 0.99008 0.00992 ( 3)
 692 I   0.00000 0.00000 0.99130 0.00870 ( 3)
 693 I   0.00000 0.00000 0.99706 0.00294 ( 3)
 694 A   0.00000 0.00000 0.99160 0.00840 ( 3)
 695 Y   0.00000 0.00000 0.98416 0.01584 ( 3)
 696 T   0.00000 0.00000 0.99700 0.00300 ( 3)
 697 M   0.00000 0.00000 0.99516 0.00484 ( 3)
 698 S   0.00000 0.00000 0.99105 0.00895 ( 3)
 699 L   0.00000 0.00000 0.98026 0.01974 ( 3)
 700 G   0.00000 0.00000 0.99706 0.00294 ( 3)
 701 A   0.00000 0.00000 0.57839 0.42161 ( 3)
 702 E   0.00000 0.00000 0.99528 0.00472 ( 3)
 703 N   0.00000 0.00000 0.99762 0.00238 ( 3)
 704 S   0.00000 0.00000 0.98665 0.01335 ( 3)
 705 V   0.00000 0.00000 0.99680 0.00320 ( 3)
 706 A   0.00000 0.00000 0.99702 0.00298 ( 3)
 707 Y   0.00000 0.00000 0.99425 0.00575 ( 3)
 708 S   0.00000 0.00000 0.99637 0.00363 ( 3)
 709 N   0.00000 0.00000 0.99762 0.00238 ( 3)
 710 N   0.00000 0.00000 0.99401 0.00599 ( 3)
 711 S   0.00000 0.00000 0.99436 0.00564 ( 3)
 712 I   0.00000 0.00000 0.99706 0.00294 ( 3)
 713 A   0.00000 0.00000 0.98593 0.01407 ( 3)
 714 I   0.00000 0.00000 0.99398 0.00602 ( 3)
 715 P   0.00000 0.00000 0.99416 0.00584 ( 3)
 716 T   0.00000 0.00000 0.99420 0.00580 ( 3)
 717 N   0.00000 0.00000 0.99762 0.00238 ( 3)
 718 F   0.00000 0.00000 0.99739 0.00261 ( 3)
 719 T   0.00000 0.00000 0.99604 0.00396 ( 3)
 720 I   0.00000 0.00000 0.99628 0.00372 ( 3)
 721 S   0.00000 0.00000 0.99780 0.00220 ( 3)
 722 V   0.00000 0.00000 0.99488 0.00512 ( 3)
 723 T   0.00000 0.00000 0.98620 0.01380 ( 3)
 724 T   0.00000 0.00000 0.99368 0.00632 ( 3)
 725 E   0.00000 0.00000 0.99528 0.00472 ( 3)
 726 I   0.00000 0.00000 0.99706 0.00294 ( 3)
 727 L   0.00000 0.00000 0.98576 0.01424 ( 3)
 728 P   0.00000 0.00000 0.99119 0.00881 ( 3)
 729 V   0.00000 0.00000 0.97945 0.02055 ( 3)
 730 S   0.00000 0.00000 0.99436 0.00564 ( 3)
 731 M   0.00000 0.00000 0.99516 0.00484 ( 3)
 732 T   0.00000 0.00000 0.99317 0.00683 ( 3)
 733 K   0.00000 0.00000 0.98982 0.01018 ( 3)
 734 T   0.00000 0.00000 0.99423 0.00577 ( 3)
 735 S   0.00000 0.00000 0.98931 0.01069 ( 3)
 736 V   0.00000 0.00000 0.99257 0.00743 ( 3)
 737 D   0.00000 0.00000 0.99643 0.00357 ( 3)
 738 C   0.00000 0.00000 0.99631 0.00369 ( 3)
 739 T   0.00000 0.00000 0.99423 0.00577 ( 3)
 740 M   0.00000 0.00000 0.99516 0.00484 ( 3)
 741 Y   0.00000 0.00000 0.98784 0.01216 ( 3)
 742 I   0.00000 0.00000 0.99586 0.00414 ( 3)
 743 C   0.00000 0.00000 0.99631 0.00369 ( 3)
 744 G   0.00000 0.00000 0.99536 0.00464 ( 3)
 745 D   0.00000 0.00000 0.99766 0.00234 ( 3)
 746 S   0.00000 0.00000 0.98665 0.01335 ( 3)
 747 T   0.00000 0.00000 0.78815 0.21185 ( 3)
 748 E   0.00000 0.00000 0.99049 0.00951 ( 3)
 749 C   0.00000 0.00000 0.98938 0.01062 ( 3)
 750 S   0.00000 0.00000 0.99278 0.00722 ( 3)
 751 N   0.00000 0.00000 0.99641 0.00359 ( 3)
 752 L   0.00000 0.00000 0.98026 0.01974 ( 3)
 753 L   0.00000 0.00000 0.98439 0.01561 ( 3)
 754 L   0.00000 0.00000 0.98258 0.01742 ( 3)
 755 Q   0.00000 0.00000 0.99077 0.00923 ( 3)
 756 Y   0.00000 0.00000 0.99638 0.00362 ( 3)
 757 G   0.00000 0.00000 0.98745 0.01255 ( 3)
 758 S   0.00000 0.00000 0.99780 0.00220 ( 3)
 759 F   0.00000 0.00000 0.99739 0.00261 ( 3)
 760 C   0.00000 0.00000 0.98609 0.01391 ( 3)
 761 T   0.00000 0.00000 0.99264 0.00736 ( 3)
 762 Q   0.00000 0.00000 0.99077 0.00923 ( 3)
 763 L   0.00000 0.00000 0.99043 0.00957 ( 3)
 764 N   0.00000 0.00000 0.99335 0.00665 ( 3)
 765 R   0.00000 0.00000 0.99483 0.00517 ( 3)
 766 A   0.00000 0.00000 0.99702 0.00298 ( 3)
 767 L   0.00000 0.00000 0.98777 0.01223 ( 3)
 768 T   0.00000 0.00000 0.99700 0.00300 ( 3)
 769 G   0.00000 0.00000 0.98728 0.01272 ( 3)
 770 I   0.00000 0.00000 0.99479 0.00521 ( 3)
 771 A   0.00000 0.00000 0.99702 0.00298 ( 3)
 772 V   0.00000 0.00000 0.99680 0.00320 ( 3)
 773 E   0.00000 0.00000 0.99528 0.00472 ( 3)
 774 Q   0.00000 0.00000 0.98918 0.01081 ( 3)
 775 D   0.00000 0.00000 0.99111 0.00889 ( 3)
 776 K   0.00000 0.00000 0.99542 0.00458 ( 3)
 777 N   0.00000 0.00000 0.99335 0.00665 ( 3)
 778 T   0.00000 0.00000 0.99296 0.00704 ( 3)
 779 Q   0.00000 0.00000 0.99077 0.00923 ( 3)
 780 E   0.00000 0.00000 0.99528 0.00472 ( 3)
 781 V   0.00000 0.00000 0.99680 0.00320 ( 3)
 782 F   0.00000 0.00000 0.99739 0.00261 ( 3)
 783 A   0.00000 0.00000 0.99321 0.00679 ( 3)
 784 Q   0.00000 0.00000 0.98743 0.01257 ( 3)
 785 V   0.00000 0.00000 0.99484 0.00516 ( 3)
 786 K   0.00000 0.00000 0.99542 0.00458 ( 3)
 787 Q   0.00000 0.00000 0.99077 0.00923 ( 3)
 788 I   0.00000 0.00000 0.99586 0.00414 ( 3)
 789 Y   0.00000 0.00000 0.98784 0.01216 ( 3)
 790 K   0.00000 0.00000 0.99407 0.00593 ( 3)
 791 T   0.00000 0.00000 0.99264 0.00736 ( 3)
 792 P   0.00000 0.00000 0.99014 0.00986 ( 3)
 793 P   0.00000 0.00000 0.99242 0.00758 ( 3)
 794 I   0.00000 0.00000 0.99706 0.00294 ( 3)
 795 K   0.00000 0.00000 0.99542 0.00458 ( 3)
 796 D   0.00000 0.00000 0.99766 0.00234 ( 3)
 797 F   0.00000 0.00000 0.99739 0.00261 ( 3)
 798 G   0.00000 0.00000 0.99706 0.00294 ( 3)
 799 G   0.00000 0.00000 0.99474 0.00526 ( 3)
 800 F   0.00000 0.00000 0.99602 0.00398 ( 3)
 801 N   0.00000 0.00000 0.99661 0.00339 ( 3)
 802 F   0.00000 0.00000 0.99739 0.00261 ( 3)
 803 S   0.00000 0.00000 0.98665 0.01335 ( 3)
 804 Q   0.00000 0.00000 0.99077 0.00923 ( 3)
 805 I   0.00000 0.00000 0.99398 0.00602 ( 3)
 806 L   0.00000 0.00000 0.98777 0.01223 ( 3)
 807 P   0.00000 0.00000 0.99014 0.00986 ( 3)
 808 D   0.00000 0.00000 0.99766 0.00234 ( 3)
 809 P   0.00000 0.00000 0.99014 0.00986 ( 3)
 810 S   0.00000 0.00000 0.98665 0.01335 ( 3)
 811 K   0.00000 0.00000 0.99542 0.00458 ( 3)
 812 P   0.00000 0.00000 0.99014 0.00986 ( 3)
 813 S   0.00000 0.00000 0.98830 0.01170 ( 3)
 814 K   0.00000 0.00000 0.98982 0.01018 ( 3)
 815 R   0.00000 0.00000 0.98490 0.01510 ( 3)
 816 S   0.00000 0.00000 0.98665 0.01335 ( 3)
 817 F   0.00000 0.00000 0.99739 0.00261 ( 3)
 818 I   0.00000 0.00000 0.99706 0.00294 ( 3)
 819 E   0.00000 0.00000 0.99049 0.00951 ( 3)
 820 D   0.00000 0.00000 0.99766 0.00234 ( 3)
 821 L   0.00000 0.00000 0.98884 0.01116 ( 3)
 822 L   0.00000 0.00000 0.99427 0.00573 ( 3)
 823 F   0.00000 0.00000 0.98921 0.01079 ( 3)
 824 N   0.00000 0.00000 0.99335 0.00665 ( 3)
 825 K   0.00000 0.00000 0.99542 0.00458 ( 3)
 826 V   0.00000 0.00000 0.97945 0.02055 ( 3)
 827 T   0.00000 0.00000 0.99264 0.00736 ( 3)
 828 L   0.00000 0.00000 0.99667 0.00333 ( 3)
 829 A   0.00000 0.00000 0.99598 0.00402 ( 3)
 830 D   0.00000 0.00000 0.99766 0.00234 ( 3)
 831 A   0.00000 0.00000 0.99702 0.00298 ( 3)
 832 G   0.00000 0.00000 0.98430 0.01570 ( 3)
 833 F   0.00000 0.00000 0.98921 0.01079 ( 3)
 834 I   0.00000 0.00000 0.98821 0.01179 ( 3)
 835 K   0.00000 0.00000 0.99542 0.00458 ( 3)
 836 Q   0.00000 0.00000 0.99077 0.00923 ( 3)
 837 Y   0.00000 0.00000 0.99638 0.00362 ( 3)
 838 G   0.00000 0.00000 0.99706 0.00294 ( 3)
 839 D   0.00000 0.00000 0.99766 0.00234 ( 3)
 840 C   0.00000 0.00000 0.98273 0.01727 ( 3)
 841 L   0.00000 0.00000 0.99667 0.00333 ( 3)
 842 G   0.00000 0.00000 0.99706 0.00294 ( 3)
 843 D   0.00000 0.00000 0.99766 0.00234 ( 3)
 844 I   0.00000 0.00000 0.99706 0.00294 ( 3)
 845 A   0.00000 0.00000 0.99702 0.00298 ( 3)
 846 A   0.00000 0.00000 0.99702 0.00298 ( 3)
 847 R   0.00000 0.00000 0.99216 0.00784 ( 3)
 848 D   0.00000 0.00000 0.99614 0.00386 ( 3)
 849 L   0.00000 0.00000 0.98684 0.01316 ( 3)
 850 I   0.00000 0.00000 0.99586 0.00414 ( 3)
 851 C   0.00000 0.00000 0.99631 0.00369 ( 3)
 852 A   0.00000 0.00000 0.99358 0.00642 ( 3)
 853 Q   0.00000 0.00000 0.99077 0.00923 ( 3)
 854 K   0.00000 0.00000 0.98982 0.01018 ( 3)
 855 F   0.00000 0.00000 0.99188 0.00812 ( 3)
 856 N   0.00000 0.00000 0.99612 0.00388 ( 3)
 857 G   0.00000 0.00000 0.98715 0.01285 ( 3)
 858 L   0.00000 0.00000 0.99427 0.00573 ( 3)
 859 T   0.00000 0.00000 0.99479 0.00521 ( 3)
 860 V   0.00000 0.00000 0.99680 0.00320 ( 3)
 861 L   0.00000 0.00000 0.97928 0.02072 ( 3)
 862 P   0.00000 0.00000 0.98638 0.01362 ( 3)
 863 P   0.00000 0.00000 0.99625 0.00375 ( 3)
 864 L   0.00000 0.00000 0.98439 0.01561 ( 3)
 865 L   0.00000 0.00000 0.98359 0.01641 ( 3)
 866 T   0.00000 0.00000 0.99264 0.00736 ( 3)
 867 D   0.00000 0.00000 0.99766 0.00234 ( 3)
 868 E   0.00000 0.00000 0.99528 0.00472 ( 3)
 869 M   0.00000 0.00000 0.99516 0.00484 ( 3)
 870 I   0.00000 0.00000 0.99562 0.00438 ( 3)
 871 A   0.00000 0.00000 0.99702 0.00298 ( 3)
 872 Q   0.00000 0.00000 0.99077 0.00923 ( 3)
 873 Y   0.00000 0.00000 0.98416 0.01584 ( 3)
 874 T   0.00000 0.00000 0.99700 0.00300 ( 3)
 875 S   0.00000 0.00000 0.99637 0.00363 ( 3)
 876 A   0.00000 0.00000 0.99254 0.00746 ( 3)
 877 L   0.00000 0.00000 0.98328 0.01672 ( 3)
 878 L   0.00000 0.00000 0.97229 0.02771 ( 3)
 879 A   0.00000 0.00000 0.55662 0.44338 ( 3)
 880 G   0.00000 0.00000 0.99536 0.00464 ( 3)
 881 T   0.00000 0.00000 0.99264 0.00736 ( 3)
 882 I   0.00000 0.00000 0.98821 0.01179 ( 3)
 883 T   0.00000 0.00000 0.99543 0.00457 ( 3)
 884 S   0.00000 0.00000 0.99436 0.00564 ( 3)
 885 G   0.00000 0.00000 0.99706 0.00294 ( 3)
 886 W   0.00000 0.00000 0.97757 0.02243 ( 3)
 887 T   0.00000 0.00000 0.98969 0.01031 ( 3)
 888 F   0.00000 0.00000 0.99739 0.00261 ( 3)
 889 G   0.00000 0.00000 0.99706 0.00294 ( 3)
 890 A   0.00000 0.00000 0.99254 0.00746 ( 3)
 891 G   0.00000 0.00000 0.99536 0.00464 ( 3)
 892 A   0.00000 0.00000 0.99702 0.00298 ( 3)
 893 A   0.00000 0.00000 0.99598 0.00402 ( 3)
 894 L   0.00000 0.00000 0.99043 0.00957 ( 3)
 895 Q   0.00000 0.00000 0.99077 0.00923 ( 3)
 896 I   0.00000 0.00000 0.99398 0.00602 ( 3)
 897 P   0.00000 0.00000 0.98819 0.01181 ( 3)
 898 F   0.00000 0.00000 0.99739 0.00261 ( 3)
 899 A   0.00000 0.00000 0.99336 0.00664 ( 3)
 900 M   0.00000 0.00000 0.99516 0.00484 ( 3)
 901 Q   0.00000 0.00000 0.99077 0.00923 ( 3)
 902 M   0.00000 0.00000 0.99516 0.00484 ( 3)
 903 A   0.00000 0.00000 0.99702 0.00298 ( 3)
 904 Y   0.00000 0.00000 0.99445 0.00555 ( 3)
 905 R   0.00000 0.00000 0.98490 0.01510 ( 3)
 906 F   0.00000 0.00000 0.99739 0.00261 ( 3)
 907 N   0.00000 0.00000 0.99762 0.00238 ( 3)
 908 G   0.00000 0.00000 0.99474 0.00526 ( 3)
 909 I   0.00000 0.00000 0.99706 0.00294 ( 3)
 910 G   0.00000 0.00000 0.99062 0.00937 ( 3)
 911 V   0.00000 0.00000 0.99542 0.00458 ( 3)
 912 T   0.00000 0.00000 0.99423 0.00577 ( 3)
 913 Q   0.00000 0.00000 0.98147 0.01853 ( 3)
 914 N   0.00000 0.00000 0.99762 0.00238 ( 3)
 915 V   0.00000 0.00000 0.99680 0.00320 ( 3)
 916 L   0.00000 0.00000 0.98478 0.01522 ( 3)
 917 Y   0.00000 0.00000 0.99638 0.00362 ( 3)
 918 E   0.00000 0.00000 0.98931 0.01069 ( 3)
 919 N   0.00000 0.00000 0.99401 0.00599 ( 3)
 920 Q   0.00000 0.00000 0.98743 0.01257 ( 3)
 921 K   0.00000 0.00000 0.99542 0.00458 ( 3)
 922 L   0.00000 0.00000 0.98555 0.01445 ( 3)
 923 I   0.00000 0.00000 0.99706 0.00294 ( 3)
 924 A   0.00000 0.00000 0.98593 0.01407 ( 3)
 925 N   0.00000 0.00000 0.99401 0.00599 ( 3)
 926 Q   0.00000 0.00000 0.98283 0.01717 ( 3)
 927 F   0.00000 0.00000 0.99586 0.00414 ( 3)
 928 N   0.00000 0.00000 0.99661 0.00339 ( 3)
 929 S   0.00000 0.00000 0.99780 0.00220 ( 3)
 930 A   0.00000 0.00000 0.99702 0.00298 ( 3)
 931 I   0.00000 0.00000 0.99706 0.00294 ( 3)
 932 G   0.00000 0.00000 0.98430 0.01570 ( 3)
 933 K   0.00000 0.00000 0.99542 0.00458 ( 3)
 934 I   0.00000 0.00000 0.99628 0.00372 ( 3)
 935 Q   0.00000 0.00000 0.98743 0.01257 ( 3)
 936 D   0.00000 0.00000 0.99393 0.00607 ( 3)
 937 S   0.00000 0.00000 0.98665 0.01335 ( 3)
 938 L   0.00000 0.00000 0.99667 0.00333 ( 3)
 939 S   0.00000 0.00000 0.99436 0.00564 ( 3)
 940 S   0.00000 0.00000 0.99418 0.00582 ( 3)
 941 T   0.00000 0.00000 0.98996 0.01004 ( 3)
 942 A   0.00000 0.00000 0.99417 0.00583 ( 3)
 943 S   0.00000 0.00000 0.99780 0.00220 ( 3)
 944 A   0.00000 0.00000 0.99254 0.00746 ( 3)
 945 L   0.00000 0.00000 0.99667 0.00333 ( 3)
 946 G   0.00000 0.00000 0.99308 0.00692 ( 3)
 947 K   0.00000 0.00000 0.99542 0.00458 ( 3)
 948 L   0.00000 0.00000 0.99667 0.00333 ( 3)
 949 Q   0.00000 0.00000 0.99077 0.00923 ( 3)
 950 D   0.00000 0.00000 0.99658 0.00342 ( 3)
 951 V   0.00000 0.00000 0.99096 0.00904 ( 3)
 952 V   0.00000 0.00000 0.98957 0.01043 ( 3)
 953 N   0.00000 0.00000 0.99401 0.00599 ( 3)
 954 Q   0.00000 0.00000 0.99077 0.00923 ( 3)
 955 N   0.00000 0.00000 0.99762 0.00238 ( 3)
 956 A   0.00000 0.00000 0.99254 0.00746 ( 3)
 957 Q   0.00000 0.00000 0.98743 0.01257 ( 3)
 958 A   0.00000 0.00000 0.99702 0.00298 ( 3)
 959 L   0.00000 0.00000 0.99043 0.00957 ( 3)
 960 N   0.00000 0.00000 0.99135 0.00865 ( 3)
 961 T   0.00000 0.00000 0.98575 0.01425 ( 3)
 962 L   0.00000 0.00000 0.99667 0.00333 ( 3)
 963 V   0.00000 0.00000 0.99542 0.00458 ( 3)
 964 K   0.00000 0.00000 0.99542 0.00458 ( 3)
 965 Q   0.00000 0.00000 0.99077 0.00923 ( 3)
 966 L   0.00000 0.00000 0.99667 0.00333 ( 3)
 967 S   0.00000 0.00000 0.99278 0.00722 ( 3)
 968 S   0.00000 0.00000 0.98364 0.01636 ( 3)
 969 N   0.00000 0.00000 0.99762 0.00238 ( 3)
 970 F   0.00000 0.00000 0.99739 0.00261 ( 3)
 971 G   0.00000 0.00000 0.99209 0.00791 ( 3)
 972 A   0.00000 0.00000 0.99598 0.00402 ( 3)
 973 I   0.00000 0.00000 0.99706 0.00294 ( 3)
 974 S   0.00000 0.00000 0.98704 0.01296 ( 3)
 975 S   0.00000 0.00000 0.99653 0.00347 ( 3)
 976 V   0.00000 0.00000 0.98548 0.01452 ( 3)
 977 L   0.00000 0.00000 0.97229 0.02771 ( 3)
 978 N   0.00000 0.00000 0.99762 0.00238 ( 3)
 979 D   0.00000 0.00000 0.99766 0.00234 ( 3)
 980 I   0.00000 0.00000 0.99251 0.00749 ( 3)
 981 L   0.00000 0.00000 0.99667 0.00333 ( 3)
 982 S   0.00000 0.00000 0.98662 0.01338 ( 3)
 983 R   0.00000 0.00000 0.99483 0.00517 ( 3)
 984 L   0.00000 0.00000 0.99502 0.00498 ( 3)
 985 D   0.00000 0.00000 0.99111 0.00889 ( 3)
 986 K   0.00000 0.00000 0.99542 0.00458 ( 3)
 987 V   0.00000 0.00000 0.99680 0.00320 ( 3)
 988 E   0.00000 0.00000 0.98931 0.01069 ( 3)
 989 A   0.00000 0.00000 0.99702 0.00298 ( 3)
 990 E   0.00000 0.00000 0.99528 0.00472 ( 3)
 991 V   0.00000 0.00000 0.97945 0.02055 ( 3)
 992 Q   0.00000 0.00000 0.98918 0.01081 ( 3)
 993 I   0.00000 0.00000 0.99706 0.00294 ( 3)
 994 D   0.00000 0.00000 0.99643 0.00357 ( 3)
 995 R   0.00000 0.00000 0.98490 0.01510 ( 3)
 996 L   0.00000 0.00000 0.98555 0.01445 ( 3)
 997 I   0.00000 0.00000 0.98821 0.01179 ( 3)
 998 T   0.00000 0.00000 0.99264 0.00736 ( 3)
 999 G   0.00000 0.00000 0.98715 0.01285 ( 3)
1000 R   0.00000 0.00000 0.99354 0.00646 ( 3)
1001 L   0.00000 0.00000 0.99427 0.00573 ( 3)
1002 Q   0.00000 0.00000 0.98743 0.01257 ( 3)
1003 S   0.00000 0.00000 0.99653 0.00347 ( 3)
1004 L   0.00000 0.00000 0.94131 0.05869 ( 3)
1005 Q   0.00000 0.00000 0.98445 0.01555 ( 3)
1006 T   0.00000 0.00000 0.99423 0.00577 ( 3)
1007 Y   0.00000 0.00000 0.99638 0.00362 ( 3)
1008 V   0.00000 0.00000 0.97945 0.02055 ( 3)
1009 T   0.00000 0.00000 0.99604 0.00396 ( 3)
1010 Q   0.00000 0.00000 0.99077 0.00923 ( 3)
1011 Q   0.00000 0.00000 0.99077 0.00923 ( 3)
1012 L   0.00000 0.00000 0.99043 0.00957 ( 3)
1013 I   0.00000 0.00000 0.99586 0.00414 ( 3)
1014 R   0.00000 0.00000 0.99354 0.00646 ( 3)
1015 A   0.00000 0.00000 0.99598 0.00401 ( 3)
1016 A   0.00000 0.00000 0.99254 0.00746 ( 3)
1017 E   0.00000 0.00000 0.99528 0.00472 ( 3)
1018 I   0.00000 0.00000 0.98821 0.01179 ( 3)
1019 R   0.00000 0.00000 0.99354 0.00646 ( 3)
1020 A   0.00000 0.00000 0.99702 0.00298 ( 3)
1021 S   0.00000 0.00000 0.99637 0.00363 ( 3)
1022 A   0.00000 0.00000 0.99544 0.00456 ( 3)
1023 N   0.00000 0.00000 0.99762 0.00238 ( 3)
1024 L   0.00000 0.00000 0.99667 0.00333 ( 3)
1025 A   0.00000 0.00000 0.99702 0.00298 ( 3)
1026 A   0.00000 0.00000 0.99598 0.00401 ( 3)
1027 T   0.00000 0.00000 0.99604 0.00396 ( 3)
1028 K   0.00000 0.00000 0.99542 0.00458 ( 3)
1029 M   0.00000 0.00000 0.99516 0.00484 ( 3)
1030 S   0.00000 0.00000 0.99105 0.00895 ( 3)
1031 E   0.00000 0.00000 0.98931 0.01069 ( 3)
1032 C   0.00000 0.00000 0.99350 0.00650 ( 3)
1033 V   0.00000 0.00000 0.99257 0.00743 ( 3)
1034 L   0.00000 0.00000 0.98742 0.01258 ( 3)
1035 G   0.00000 0.00000 0.99062 0.00937 ( 3)
1036 Q   0.00000 0.00000 0.99077 0.00923 ( 3)
1037 S   0.00000 0.00000 0.99105 0.00895 ( 3)
1038 K   0.00000 0.00000 0.99542 0.00458 ( 3)
1039 R   0.00000 0.00000 0.99354 0.00646 ( 3)
1040 V   0.00000 0.00000 0.99680 0.00320 ( 3)
1041 D   0.00000 0.00000 0.99766 0.00234 ( 3)
1042 F   0.00000 0.00000 0.99739 0.00261 ( 3)
1043 C   0.00000 0.00000 0.99631 0.00369 ( 3)
1044 G   0.00000 0.00000 0.99062 0.00937 ( 3)
1045 K   0.00000 0.00000 0.99376 0.00624 ( 3)
1046 G   0.00000 0.00000 0.98430 0.01570 ( 3)
1047 Y   0.00000 0.00000 0.99445 0.00555 ( 3)
1048 H   0.00000 0.00000 0.99733 0.00267 ( 3)
1049 L   0.00000 0.00000 0.98026 0.01974 ( 3)
1050 M   0.00000 0.00000 0.99516 0.00484 ( 3)
1051 S   0.00000 0.00000 0.99418 0.00582 ( 3)
1052 F   0.00000 0.00000 0.98921 0.01079 ( 3)
1053 P   0.00000 0.00000 0.99625 0.00375 ( 3)
1054 Q   0.00000 0.00000 0.98445 0.01555 ( 3)
1055 S   0.00000 0.00000 0.98665 0.01335 ( 3)
1056 A   0.00000 0.00000 0.99254 0.00746 ( 3)
1057 P   0.00000 0.00000 0.99259 0.00741 ( 3)
1058 H   0.00000 0.00000 0.99733 0.00267 ( 3)
1059 G   0.00000 0.00000 0.99706 0.00294 ( 3)
1060 V   0.00000 0.00000 0.99418 0.00582 ( 3)
1061 V   0.00000 0.00000 0.99171 0.00829 ( 3)
1062 F   0.00000 0.00000 0.98921 0.01079 ( 3)
1063 L   0.00000 0.00000 0.98439 0.01561 ( 3)
1064 H   0.00000 0.00000 0.99733 0.00267 ( 3)
1065 V   0.00000 0.00000 0.98926 0.01074 ( 3)
1066 T   0.00000 0.00000 0.99616 0.00384 ( 3)
1067 Y   0.00000 0.00000 0.99638 0.00362 ( 3)
1068 V   0.00000 0.00000 0.98957 0.01043 ( 3)
1069 P   0.00000 0.00000 0.99625 0.00375 ( 3)
1070 A   0.00000 0.00000 0.99254 0.00746 ( 3)
1071 Q   0.00000 0.00000 0.99077 0.00923 ( 3)
1072 E   0.00000 0.00000 0.99528 0.00472 ( 3)
1073 K   0.00000 0.00000 0.98982 0.01018 ( 3)
1074 N   0.00000 0.00000 0.99135 0.00865 ( 3)
1075 F   0.00000 0.00000 0.99288 0.00712 ( 3)
1076 T   0.00000 0.00000 0.99423 0.00577 ( 3)
1077 T   0.00000 0.00000 0.99700 0.00300 ( 3)
1078 A   0.00000 0.00000 0.99702 0.00298 ( 3)
1079 P   0.00000 0.00000 0.99625 0.00375 ( 3)
1080 A   0.00000 0.00000 0.99160 0.00840 ( 3)
1081 I   0.00000 0.00000 0.99706 0.00294 ( 3)
1082 C   0.00000 0.00000 0.99631 0.00369 ( 3)
1083 H   0.00000 0.00000 0.99733 0.00267 ( 3)
1084 D   0.00000 0.00000 0.79927 0.20073 ( 3)
1085 G   0.00000 0.00000 0.99062 0.00937 ( 3)
1086 K   0.00000 0.00000 0.99542 0.00458 ( 3)
1087 A   0.00000 0.00000 0.99254 0.00746 ( 3)
1088 H   0.00000 0.00000 0.98748 0.01252 ( 3)
1089 F   0.00000 0.00000 0.99586 0.00414 ( 3)
1090 P   0.00000 0.00000 0.99544 0.00456 ( 3)
1091 R   0.00000 0.00000 0.99483 0.00517 ( 3)
1092 E   0.00000 0.00000 0.99528 0.00472 ( 3)
1093 G   0.00000 0.00000 0.99706 0.00294 ( 3)
1094 V   0.00000 0.00000 0.99007 0.00993 ( 3)
1095 F   0.00000 0.00000 0.99188 0.00812 ( 3)
1096 V   0.00000 0.00000 0.99680 0.00320 ( 3)
1097 S   0.00000 0.00000 0.98665 0.01335 ( 3)
1098 N   0.00000 0.00000 0.99762 0.00238 ( 3)
1099 G   0.00000 0.00000 0.98430 0.01570 ( 3)
1100 T   0.00000 0.00000 0.99423 0.00577 ( 3)
1101 H   0.00000 0.00000 0.99201 0.00799 ( 3)
1102 W   0.00000 0.00000 0.97757 0.02243 ( 3)
1103 F   0.00000 0.00000 0.99739 0.00261 ( 3)
1104 V   0.00000 0.00000 0.73957 0.26043 ( 3)
1105 T   0.00000 0.00000 0.99264 0.00736 ( 3)
1106 Q   0.00000 0.00000 0.99077 0.00923 ( 3)
1107 R   0.00000 0.00000 0.98490 0.01510 ( 3)
1108 N   0.00000 0.00000 0.99762 0.00238 ( 3)
1109 F   0.00000 0.00000 0.99739 0.00261 ( 3)
1110 Y   0.00000 0.00000 0.99638 0.00362 ( 3)
1111 E   0.00000 0.00000 0.99528 0.00472 ( 3)
1112 P   0.00000 0.00000 0.99242 0.00758 ( 3)
1113 Q   0.00000 0.00000 0.99077 0.00923 ( 3)
1114 I   0.00000 0.00000 0.99526 0.00474 ( 3)
1115 I   0.00000 0.00000 0.99706 0.00294 ( 3)
1116 T   0.00000 0.00000 0.99181 0.00819 ( 3)
1117 T   0.00000 0.00000 0.99423 0.00577 ( 3)
1118 D   0.00000 0.00000 0.99109 0.00891 ( 3)
1119 N   0.00000 0.00000 0.99135 0.00865 ( 3)
1120 T   0.00000 0.00000 0.99264 0.00736 ( 3)
1121 F   0.00000 0.00000 0.99586 0.00414 ( 3)
1122 V   0.00000 0.00000 0.98624 0.01376 ( 3)
1123 S   0.00000 0.00000 0.99637 0.00363 ( 3)
1124 G   0.00000 0.00000 0.99706 0.00294 ( 3)
1125 N   0.00000 0.00000 0.43585 0.56415 ( 4)
1126 C   0.00000 0.00000 0.99631 0.00369 ( 3)
1127 D   0.00000 0.00000 0.99766 0.00234 ( 3)
1128 V   0.00000 0.00000 0.99680 0.00320 ( 3)
1129 V   0.00000 0.00000 0.99257 0.00743 ( 3)
1130 I   0.00000 0.00000 0.99479 0.00521 ( 3)
1131 G   0.00000 0.00000 0.99062 0.00937 ( 3)
1132 I   0.00000 0.00000 0.99628 0.00372 ( 3)
1133 V   0.00000 0.00000 0.98647 0.01353 ( 3)
1134 N   0.00000 0.00000 0.99135 0.00865 ( 3)
1135 N   0.00000 0.00000 0.99135 0.00865 ( 3)
1136 T   0.00000 0.00000 0.99264 0.00736 ( 3)
1137 V   0.00000 0.00000 0.99680 0.00320 ( 3)
1138 Y   0.00000 0.00000 0.99638 0.00362 ( 3)
1139 D   0.00000 0.00000 0.99766 0.00234 ( 3)
1140 P   0.00000 0.00000 0.99625 0.00375 ( 3)
1141 L   0.00000 0.00000 0.98439 0.01561 ( 3)
1142 Q   0.00000 0.00000 0.99077 0.00923 ( 3)
1143 P   0.00000 0.00000 0.99111 0.00889 ( 3)
1144 E   0.00000 0.00000 0.99330 0.00670 ( 3)
1145 L   0.00000 0.00000 0.97869 0.02131 ( 3)
1146 D   0.00000 0.00000 0.99314 0.00686 ( 3)
1147 S   0.00000 0.00000 0.98665 0.01335 ( 3)
1148 F   0.00000 0.00000 0.99288 0.00712 ( 3)
1149 K   0.00000 0.00000 0.98982 0.01018 ( 3)
1150 E   0.00000 0.00000 0.98931 0.01069 ( 3)
1151 E   0.00000 0.00000 0.98931 0.01069 ( 3)
1152 L   0.00000 0.00000 0.98882 0.01118 ( 3)
1153 D   0.00000 0.00000 0.99658 0.00342 ( 3)
1154 K   0.00000 0.00000 0.99542 0.00458 ( 3)
1155 Y   0.00000 0.00000 0.98853 0.01147 ( 3)
1156 F   0.00000 0.00000 0.99586 0.00414 ( 3)
1157 K   0.00000 0.00000 0.99376 0.00624 ( 3)
1158 N   0.00000 0.00000 0.99762 0.00238 ( 3)
1159 H   0.00000 0.00000 0.99532 0.00468 ( 3)
1160 T   0.00000 0.00000 0.99264 0.00736 ( 3)
1161 S   0.00000 0.00000 0.98665 0.01335 ( 3)
1162 P   0.00000 0.00000 0.99119 0.00881 ( 3)
1163 D   0.00000 0.00000 0.99766 0.00234 ( 3)
1164 V   0.00000 0.00000 0.99595 0.00405 ( 3)
1165 D   0.00000 0.00000 0.99766 0.00234 ( 3)
1166 L   0.00000 0.00000 0.97229 0.02771 ( 3)
1167 G   0.00000 0.00000 0.99474 0.00526 ( 3)
1168 D   0.00000 0.00000 0.99111 0.00889 ( 3)
1169 I   0.00000 0.00000 0.99358 0.00642 ( 3)
1170 S   0.00000 0.00000 0.99637 0.00363 ( 3)
1171 G   0.00000 0.00000 0.98430 0.01570 ( 3)
1172 I   0.00000 0.00000 0.99628 0.00372 ( 3)
1173 N   0.00000 0.00000 0.99762 0.00238 ( 3)
1174 A   0.00000 0.00000 0.99702 0.00298 ( 3)
1175 S   0.00000 0.00000 0.98360 0.01640 ( 3)
1176 V   0.00000 0.00000 0.99542 0.00458 ( 3)
1177 V   0.00000 0.00000 0.98865 0.01135 ( 3)
1178 N   0.00000 0.00000 0.99335 0.00665 ( 3)
1179 I   0.00000 0.00000 0.99628 0.00372 ( 3)
1180 Q   0.00000 0.00000 0.99077 0.00923 ( 3)
1181 K   0.00000 0.00000 0.99407 0.00593 ( 3)
1182 E   0.00000 0.00000 0.99528 0.00472 ( 3)
1183 I   0.00000 0.00000 0.99706 0.00294 ( 3)
1184 D   0.00000 0.00000 0.99111 0.00889 ( 3)
1185 R   0.00000 0.00000 0.97889 0.02111 ( 3)
1186 L   0.00000 0.00000 0.98359 0.01641 ( 3)
1187 N   0.00000 0.00000 0.99762 0.00238 ( 3)
1188 E   0.00000 0.00000 0.98931 0.01069 ( 3)
1189 V   0.00000 0.00000 0.99680 0.00320 ( 3)
1190 A   0.00000 0.00000 0.98593 0.01407 ( 3)
1191 K   0.00000 0.00000 0.99376 0.00624 ( 3)
1192 N   0.00000 0.00000 0.99762 0.00238 ( 3)
1193 L   0.00000 0.00000 0.98642 0.01358 ( 3)
1194 N   0.00000 0.00000 0.99762 0.00238 ( 3)
1195 E   0.00000 0.00000 0.99528 0.00472 ( 3)
1196 S   0.00000 0.00000 0.99436 0.00564 ( 3)
1197 L   0.00000 0.00000 0.98359 0.01641 ( 3)
1198 I   0.00000 0.00000 0.99251 0.00749 ( 3)
1199 D   0.00000 0.00000 0.99658 0.00342 ( 3)
1200 L   0.00000 0.00000 0.98478 0.01522 ( 3)
1201 Q   0.00000 0.00000 0.99077 0.00923 ( 3)
1202 E   0.00000 0.00000 0.99330 0.00670 ( 3)
1203 L   0.00000 0.00000 0.99667 0.00333 ( 3)
1204 G   0.00000 0.00000 0.99062 0.00937 ( 3)
1205 K   0.00000 0.00000 0.99136 0.00864 ( 3)
1206 Y   0.00000 0.00000 0.99638 0.00362 ( 3)
1207 E   0.00000 0.00000 0.99023 0.00977 ( 3)
1208 Q   0.00000 0.00000 0.98445 0.01555 ( 3)
1209 Y   0.00000 0.00000 0.99445 0.00555 ( 3)
1210 I   0.00000 0.00000 0.99267 0.00733 ( 3)
1211 K   0.00000 0.00000 0.99542 0.00458 ( 3)
1212 W   0.00000 0.00000 0.97757 0.02243 ( 3)
1213 P   0.00000 0.00000 0.99242 0.00758 ( 3)
1214 W   0.00000 0.00000 0.97757 0.02243 ( 3)
1215 Y   0.00000 0.00000 0.98416 0.01584 ( 3)
1216 I   0.00000 0.00000 0.99706 0.00294 ( 3)
1217 W   0.00000 0.00000 0.97757 0.02243 ( 3)
1218 L   0.00000 0.00000 0.99064 0.00936 ( 3)
1219 G   0.00000 0.00000 0.99706 0.00294 ( 3)
1220 F   0.00000 0.00000 0.99739 0.00261 ( 3)
1221 I   0.00000 0.00000 0.99398 0.00602 ( 3)
1222 A   0.00000 0.00000 0.99702 0.00298 ( 3)
1223 G   0.00000 0.00000 0.98320 0.01680 ( 3)
1224 L   0.00000 0.00000 0.98258 0.01742 ( 3)
1225 I   0.00000 0.00000 0.99706 0.00294 ( 3)
1226 A   0.00000 0.00000 0.99160 0.00840 ( 3)
1227 I   0.00000 0.00000 0.99267 0.00733 ( 3)
1228 V   0.00000 0.00000 0.52507 0.47493 ( 3)
1229 M   0.00000 0.00000 0.99516 0.00484 ( 3)
1230 V   0.00000 0.00000 0.98624 0.01376 ( 3)
1231 T   0.00000 0.00000 0.99080 0.00920 ( 3)
1232 I   0.00000 0.00000 0.99586 0.00414 ( 3)
1233 M   0.00000 0.00000 0.99516 0.00484 ( 3)
1234 L   0.00000 0.00000 0.99427 0.00573 ( 3)
1235 C   0.00000 0.00000 0.98938 0.01062 ( 3)
1236 C   0.00000 0.00000 0.99631 0.00369 ( 3)
1237 M   0.00000 0.00000 0.99516 0.00484 ( 3)
1238 T   0.00000 0.00000 0.99171 0.00829 ( 3)
1239 S   0.00000 0.00000 0.99780 0.00220 ( 3)
1240 C   0.00000 0.00000 0.98273 0.01727 ( 3)
1241 C   0.00000 0.00000 0.99474 0.00526 ( 3)
1242 S   0.00000 0.00000 0.99780 0.00220 ( 3)
1243 C   0.00000 0.00000 0.99350 0.00650 ( 3)
1244 L   0.00000 0.00000 0.98359 0.01641 ( 3)
1245 K   0.00000 0.00000 0.98982 0.01018 ( 3)
1246 G   0.00000 0.00000 0.99078 0.00922 ( 3)
1247 C   0.00000 0.00000 0.99631 0.00369 ( 3)
1248 C   0.00000 0.00000 0.99350 0.00650 ( 3)
1249 S   0.00000 0.00000 0.99637 0.00363 ( 3)
1250 C   0.00000 0.00000 0.98609 0.01391 ( 3)
1251 G   0.00000 0.00000 0.99308 0.00692 ( 3)
1252 S   0.00000 0.00000 0.98711 0.01289 ( 3)
1253 C   0.00000 0.00000 0.98273 0.01727 ( 3)
1254 C   0.00000 0.00000 0.98273 0.01727 ( 3)
1255 K   0.00000 0.00000 0.99542 0.00458 ( 3)
1256 F   0.00000 0.00000 0.99739 0.00261 ( 3)
1257 D   0.00000 0.00000 0.99766 0.00234 ( 3)
1258 E   0.00000 0.00000 0.99528 0.00472 ( 3)
1259 D   0.00000 0.00000 0.99111 0.00889 ( 3)
1260 D   0.00000 0.00000 0.99393 0.00607 ( 3)
1261 S   0.00000 0.00000 0.99436 0.00564 ( 3)
1262 E   0.00000 0.00000 0.99101 0.00899 ( 3)
1263 P   0.00000 0.00000 0.99242 0.00758 ( 3)
1264 V   0.00000 0.00000 0.98926 0.01074 ( 3)
1265 L   0.00000 0.00000 0.98124 0.01876 ( 3)
1266 K   0.00000 0.00000 0.99542 0.00458 ( 3)
1267 G   0.00000 0.00000 0.99062 0.00937 ( 3)
1268 V   0.00000 0.00000 0.98647 0.01353 ( 3)
1269 K   0.00000 0.00000 0.99542 0.00458 ( 3)
1270 L   0.00000 0.00000 0.99043 0.00957 ( 3)
1271 H   0.00000 0.00000 0.99733 0.00267 ( 3)
1272 Y   0.00000 0.00000 0.98416 0.01584 ( 3)
1273 T   0.00000 0.00000 0.99264 0.00736 ( 3)


lnL = -7470.503790

