

TREE # 1

  0  0.0000   9305.660724  x:  0.08914   0.09857   0.06040   0.09323   0.07752   0.06608   0.03093   0.08404   0.01383   0.09692   0.08664   0.04255   0.06003   0.04925   0.10000   0.10334   0.03826   2.00000   1.24995   0.11516   0.26051  
  1 99.0000   8861.629243  x:  0.07458   0.08411   0.04588   0.07938   0.06385   0.07668   0.07076   0.14201   0.00000   0.08267   0.07226   0.02874   0.04494   0.03414   0.08722   0.08988   0.02488   2.00013   1.25082   0.11436   0.24568  
  2 6347.4047   8461.675594  x:  0.04747   0.05713   0.01856   0.05296   0.03778   0.08658   0.07885   0.18307   0.04739   0.05586   0.04514   0.00386   0.01622   0.00536   0.06342   0.06449   0.00000   2.00040   1.25268   0.11259   0.21842  
  3 8689.9457   8400.897945  x:  0.04242   0.05212   0.01362   0.04809   0.03301   0.08718   0.07681   0.18463   0.04708   0.05098   0.04021   0.00339   0.01087   0.00000   0.05929   0.05991   0.00000   2.00045   1.25310   0.11216   0.21397  
  4 10823.0314   8290.533613  x:  0.03218   0.04197   0.00369   0.03821   0.02336   0.08836   0.07303   0.18779   0.04676   0.04110   0.03023   0.00342   0.00000   0.00000   0.05098   0.05063   0.00000   2.00056   1.25398   0.11127   0.20520  
  5 2882193.0378   8230.745717  x:  0.02456   0.03475   0.00000   0.03121   0.01753   0.08819   0.07315   0.18751   0.04662   0.03424   0.02318   0.00185   0.00000   0.00000   0.04581   0.04405   0.00000   2.00065   1.25489   0.11035   0.20158  
  6 40927.1590   8061.934424  x:  0.00000   0.01503   0.00000   0.01086   0.00955   0.08814   0.06469   0.19479   0.04584   0.01357   0.00207   0.00222   0.00000   0.00000   0.03064   0.02348   0.00000   2.00093   1.25715   0.10831   0.18437  
  7 13116.9301   8007.857832  x:  0.00000   0.00186   0.00000   0.00000   0.00669   0.08893   0.06314   0.19593   0.04571   0.00247   0.00937   0.00245   0.00000   0.00000   0.02225   0.01014   0.00000   2.00113   1.25890   0.10668   0.17333  
  8 5226.3307   8007.857832  x:  0.00000   0.00186   0.00000   0.00000   0.00669   0.08893   0.06314   0.19593   0.04571   0.00247   0.00937   0.00245   0.00000   0.00000   0.02225   0.01014   0.00000   2.00113   1.25890   0.10668   0.17333  
  9 251952.1959   8005.512154  x:  0.00000   0.00178   0.00177   0.00010   0.00662   0.08896   0.06324   0.19608   0.04557   0.00243   0.00924   0.00251   0.00000   0.00000   0.02216   0.01003   0.00000   2.00113   1.25892   0.10667   0.17323  
 10 14015.0146   8002.717324  x:  0.00000   0.00145   0.00182   0.00025   0.00642   0.08903   0.06349   0.19643   0.04524   0.00233   0.00894   0.00263   0.00000   0.00000   0.02195   0.00977   0.00329   2.00114   1.25895   0.10664   0.17300  
 11 11968.3231   7991.783320  x:  0.00000   0.00000   0.00187   0.00064   0.00548   0.08935   0.06456   0.19799   0.04378   0.00196   0.00760   0.00309   0.00000   0.00000   0.02097   0.00852   0.00329   2.00115   1.25910   0.10649   0.17196  
 12 3233.8942   7975.694571  x:  0.00000   0.00000   0.00198   0.00000   0.00370   0.08993   0.06651   0.20091   0.04099   0.00195   0.00509   0.00302   0.00000   0.00000   0.01913   0.00618   0.00332   2.00118   1.25938   0.10620   0.16997  
 13 35647.6452   7950.481344  x:  0.00000   0.00000   0.00217   0.00096   0.00100   0.09101   0.07014   0.20668   0.03521   0.00348   0.00026   0.00085   0.00000   0.00000   0.01555   0.00157   0.00336   2.00125   1.25998   0.10561   0.16586  
 14 35470.5691   7943.527931  x:  0.00000   0.00000   0.00222   0.00108   0.00079   0.09137   0.07132   0.20878   0.03297   0.00457   0.00063   0.00099   0.00000   0.00000   0.01429   0.00016   0.00338   2.00127   1.26021   0.10537   0.16427  
 15 7473.8923   7887.594694  x:  0.00000   0.00000   0.00263   0.00188   0.00007   0.09501   0.08337   0.23017   0.00987   0.01491   0.00106   0.00333   0.00000   0.00000   0.00157   0.00116   0.00340   2.00152   1.26263   0.10295   0.14784  
 16 15055.3786   7885.906445  x:  0.00000   0.00000   0.00264   0.00187   0.00036   0.09521   0.08407   0.23138   0.00857   0.01539   0.00098   0.00346   0.00000   0.00000   0.00098   0.00116   0.00340   2.00154   1.26276   0.10282   0.14691  
 17 66481.8363   7865.475184  x:  0.00000   0.00000   0.00277   0.00200   0.00058   0.09649   0.08825   0.23892   0.00037   0.01800   0.00096   0.00406   0.00000   0.00000   0.00187   0.00132   0.00339   2.00163   1.26363   0.10195   0.14100  
 18 15540.6937   7796.974144  x:  0.00000   0.00000   0.00326   0.00304   0.00143   0.10504   0.11549   0.29331   0.00606   0.02514   0.00693   0.00022   0.00000   0.00000   0.00492   0.00374   0.00336   2.00233   1.27055   0.09501   0.09384  
 19 2951.2776   7681.162395  x:  0.00000   0.00000   0.00420   0.00483   0.00382   0.12047   0.16386   0.39670   0.02233   0.05560   0.00867   0.00533   0.00000   0.00000   0.01399   0.00624   0.00328   2.00370   1.28435   0.08120   0.00000  
 20 52218.4853   7648.536188  x:  0.00000   0.00000   0.00438   0.00432   0.00360   0.11045   0.08339   0.50091   0.02091   0.05187   0.00837   0.00484   0.00000   0.00000   0.01315   0.00593   0.00328   2.00474   1.33766   0.02773   0.00000  
 21 479.8928   7617.224975  x:  0.00000   0.00000   0.00354   0.00434   0.00382   0.21803   0.06208   0.53258   0.02200   0.05613   0.00969   0.00455   0.00000   0.00000   0.01393   0.00658   0.00326   2.00746   1.55267  -0.18812   0.00000  
 22 296.0916   7590.133229  x:  0.00000   0.00000   0.00154   0.00476   0.00399   0.10774   0.11298   0.53159   0.02280   0.05847   0.01024   0.00449   0.00000   0.00000   0.01450   0.00690   0.00324   2.00960   1.76277  -0.39967   0.00000  
 23 349.5885   7586.450775  x:  0.00000   0.00000   0.00120   0.00483   0.00401   0.08973   0.12127   0.53137   0.02293   0.05885   0.01033   0.00448   0.00000   0.00000   0.01459   0.00695   0.00324   2.00996   1.79712  -0.43426   0.00517  
 24 16646.1370   7583.650298  x:  0.00000   0.00000   0.00022   0.00463   0.00388   0.08831   0.11716   0.51850   0.02229   0.05637   0.00951   0.00469   0.00000   0.00000   0.01411   0.00655   0.00324   2.00887   1.80993  -0.44813   0.00494  
 25 28.3744   7570.086885  x:  0.00000   0.00000   0.00076   0.00328   0.00289   0.06995   0.08985   0.42038   0.01766   0.03813   0.00354   0.00628   0.00000   0.00000   0.01063   0.00365   0.00328   1.99953   1.91966  -0.56677   0.00404  
 26 110.2747   7563.131003  x:  0.00000   0.00000   0.00076   0.00298   0.00267   0.07683   0.08599   0.41282   0.01634   0.03393   0.00228   0.00652   0.00000   0.00000   0.00987   0.00301   0.00326   1.49970   1.87413  -0.68049   0.00511  
 27  4.2235   7546.633588  x:  0.00000   0.00000   0.00074   0.00226   0.00209   0.09398   0.07490   0.39994   0.01243   0.02398   0.00000   0.00641   0.00000   0.00000   0.00774   0.00171   0.00320   1.58716   1.74495  -0.90570   0.00627  
 28  5.1723   7503.176728  x:  0.00000   0.00000   0.00087   0.00091   0.00085   0.14668   0.05704   0.43046   0.00131   0.00186   0.00075   0.00419   0.00000   0.00000   0.00294   0.00075   0.00295   1.87300   1.18509  -1.68638   0.01081  
 29  4.3707   7482.843650  x:  0.00000   0.00000   0.00098   0.00120   0.00105   0.12605   0.09372   0.50005   0.00010   0.00381   0.00088   0.00293   0.00000   0.00000   0.00367   0.00090   0.00271   1.79053   0.66674  -2.29096   0.01285  
 30  1.3898   7478.777614  x:  0.00000   0.00000   0.00104   0.00140   0.00133   0.11429   0.11318   0.53648   0.00147   0.00613   0.00099   0.00248   0.00000   0.00000   0.00474   0.00110   0.00259   1.74827   0.41434  -2.57078   0.01373  
 31 13.1776   7474.961422  x:  0.00000   0.00000   0.00103   0.00116   0.00134   0.10926   0.11764   0.54844   0.00145   0.00144   0.00094   0.00219   0.00000   0.00000   0.00483   0.00098   0.00248   1.75065   0.20778  -2.81578   0.01376  
 32  1.2672   7472.338851  x:  0.00000   0.00000   0.00092   0.00105   0.00159   0.09531   0.12195   0.59388   0.00143   0.00230   0.00099   0.00192   0.00000   0.00000   0.00575   0.00104   0.00202   1.92122  -0.56333  -3.54802   0.01048  
 33  0.6574   7471.819554  x:  0.00000   0.00000   0.00089   0.00091   0.00165   0.09694   0.12299   0.60195   0.00137   0.00127   0.00097   0.00202   0.00000   0.00000   0.00599   0.00100   0.00180   1.93587  -0.84731  -3.83183   0.01000  
 34  0.5294   7470.982776  x:  0.00000   0.00000   0.00082   0.00064   0.00180   0.10745   0.12369   0.61408   0.00120   0.00187   0.00094   0.00268   0.00000   0.00000   0.00656   0.00094   0.00113   1.91103  -1.54913  -4.53129   0.00982  
 35  0.5828   7470.696018  x:  0.00000   0.00000   0.00077   0.00053   0.00182   0.10223   0.12370   0.61192   0.00104   0.00158   0.00091   0.00314   0.00000   0.00000   0.00661   0.00088   0.00080   1.86060  -1.84976  -4.84829   0.01022  
 36  0.2524   7470.629470  x:  0.00000   0.00000   0.00081   0.00059   0.00178   0.10030   0.12325   0.60448   0.00097   0.00168   0.00090   0.00322   0.00000   0.00000   0.00642   0.00088   0.00089   1.88571  -1.86404  -4.85579   0.01042  
 37  0.0183   7470.600405  x:  0.00000   0.00000   0.00083   0.00058   0.00179   0.10129   0.12366   0.60586   0.00087   0.00168   0.00088   0.00333   0.00000   0.00000   0.00641   0.00087   0.00079   1.90579  -2.10534  -5.08788   0.01035  
 38  0.1928   7470.572071  x:  0.00000   0.00000   0.00087   0.00065   0.00178   0.10137   0.12432   0.60904   0.00078   0.00164   0.00087   0.00328   0.00000   0.00000   0.00628   0.00090   0.00091   1.89627  -2.36105  -5.33355   0.01030  
 39  0.1072   7470.564100  x:  0.00000   0.00000   0.00083   0.00063   0.00179   0.10027   0.12451   0.61006   0.00078   0.00169   0.00086   0.00330   0.00000   0.00000   0.00626   0.00090   0.00088   1.88679  -2.53639  -5.51108   0.01022  
 40  0.0851   7470.542328  x:  0.00000   0.00000   0.00076   0.00057   0.00181   0.10139   0.12442   0.60873   0.00082   0.00169   0.00082   0.00330   0.00000   0.00000   0.00613   0.00091   0.00090   1.89431  -3.13893  -6.12152   0.01040  
 41  0.1583   7470.527945  x:  0.00000   0.00000   0.00082   0.00059   0.00185   0.10055   0.12431   0.60853   0.00082   0.00163   0.00079   0.00329   0.00000   0.00000   0.00607   0.00092   0.00092   1.89940  -3.72393  -6.70206   0.01020  
 42  0.2354   7470.518709  x:  0.00000   0.00000   0.00085   0.00056   0.00191   0.10119   0.12396   0.60839   0.00086   0.00168   0.00077   0.00328   0.00000   0.00000   0.00610   0.00092   0.00088   1.89029  -4.22978  -7.21385   0.01034  
 43  0.3202   7470.513693  x:  0.00000   0.00000   0.00086   0.00053   0.00199   0.10098   0.12399   0.60762   0.00084   0.00165   0.00076   0.00326   0.00000   0.00000   0.00616   0.00091   0.00087   1.89820  -4.86489  -7.84395   0.01029  
 44  0.1800   7470.509901  x:  0.00000   0.00000   0.00083   0.00050   0.00203   0.10106   0.12411   0.60809   0.00084   0.00167   0.00078   0.00321   0.00000   0.00000   0.00623   0.00090   0.00089   1.89076  -5.18588  -8.16450   0.01033  
 45  0.1928   7470.508648  x:  0.00000   0.00000   0.00082   0.00047   0.00204   0.10116   0.12391   0.60720   0.00082   0.00167   0.00079   0.00322   0.00000   0.00000   0.00624   0.00089   0.00089   1.89392  -5.30904  -8.28807   0.01034  
 46  0.0497   7470.507348  x:  0.00000   0.00000   0.00084   0.00046   0.00204   0.10123   0.12378   0.60752   0.00083   0.00167   0.00082   0.00320   0.00000   0.00000   0.00621   0.00090   0.00089   1.89133  -5.38332  -8.36584   0.01032  
 47  0.0353   7470.506585  x:  0.00000   0.00000   0.00084   0.00047   0.00205   0.10109   0.12396   0.60749   0.00082   0.00167   0.00083   0.00321   0.00000   0.00000   0.00615   0.00091   0.00089   1.89181  -5.67743  -8.66163   0.01036  
 48  0.1228   7470.506235  x:  0.00000   0.00000   0.00083   0.00047   0.00207   0.10113   0.12400   0.60762   0.00083   0.00167   0.00083   0.00321   0.00000   0.00000   0.00616   0.00090   0.00088   1.89276  -5.87662  -8.85894   0.01033  
 49  0.1244   7470.506063  x:  0.00000   0.00000   0.00083   0.00047   0.00207   0.10121   0.12386   0.60766   0.00083   0.00166   0.00083   0.00322   0.00000   0.00000   0.00615   0.00090   0.00089   1.89162  -5.94129  -8.92256   0.01033  
 50  0.0313   7470.505973  x:  0.00000   0.00000   0.00083   0.00047   0.00206   0.10119   0.12389   0.60793   0.00083   0.00167   0.00084   0.00323   0.00000   0.00000   0.00616   0.00090   0.00089   1.89256  -5.94546  -8.92561   0.01032  
 51  0.0020   7470.505903  x:  0.00000   0.00000   0.00083   0.00046   0.00206   0.10110   0.12403   0.60797   0.00084   0.00166   0.00084   0.00324   0.00000   0.00000   0.00617   0.00090   0.00089   1.89284  -5.96686  -8.94744   0.01033  
 52  0.0099   7470.505670  x:  0.00000   0.00000   0.00084   0.00046   0.00207   0.10111   0.12408   0.60756   0.00083   0.00167   0.00083   0.00324   0.00000   0.00000   0.00618   0.00090   0.00089   1.89148  -6.33148  -9.31292   0.01033  
 53  0.0645   7470.504970  x:  0.00000   0.00000   0.00083   0.00047   0.00205   0.10126   0.12381   0.60795   0.00083   0.00167   0.00083   0.00326   0.00000   0.00000   0.00617   0.00090   0.00090   1.89256  -7.12362  -10.10540   0.01031  
 54  0.1728   7470.504411  x:  0.00000   0.00000   0.00083   0.00049   0.00202   0.10110   0.12394   0.60778   0.00083   0.00166   0.00083   0.00324   0.00000   0.00000   0.00619   0.00090   0.00089   1.89270  -7.64492  -10.62943   0.01036  
 55  0.2071   7470.504002  x:  0.00000   0.00000   0.00083   0.00051   0.00200   0.10115   0.12389   0.60778   0.00083   0.00167   0.00084   0.00323   0.00000   0.00000   0.00619   0.00090   0.00089   1.89275  -8.31347  -11.29502   0.01033  
 56  0.3589   7470.503916  x:  0.00000   0.00000   0.00083   0.00051   0.00199   0.10112   0.12401   0.60761   0.00083   0.00166   0.00083   0.00323   0.00000   0.00000   0.00619   0.00090   0.00089   1.89208  -8.69315  -11.67448   0.01033  
 57  0.2111   7470.503858  x:  0.00000   0.00000   0.00083   0.00050   0.00200   0.10116   0.12391   0.60775   0.00083   0.00167   0.00083   0.00323   0.00000   0.00000   0.00618   0.00090   0.00089   1.89243  -9.17319  -12.15398   0.01033  
 58  0.1925   7470.503828  x:  0.00000   0.00000   0.00083   0.00050   0.00200   0.10111   0.12400   0.60775   0.00083   0.00166   0.00083   0.00323   0.00000   0.00000   0.00618   0.00090   0.00089   1.89244  -9.98824  -12.96909   0.01033  
 59  0.3444   7470.503805  x:  0.00000   0.00000   0.00083   0.00050   0.00200   0.10115   0.12393   0.60773   0.00083   0.00167   0.00083   0.00323   0.00000   0.00000   0.00618   0.00090   0.00089   1.89240  -10.76908  -13.75010   0.01033  
 60  0.3874   7470.503795  x:  0.00000   0.00000   0.00083   0.00050   0.00200   0.10113   0.12398   0.60772   0.00083   0.00167   0.00083   0.00323   0.00000   0.00000   0.00619   0.00090   0.00089   1.89239  -12.04144  -15.02266   0.01033  
 61  0.5461   7470.503793  x:  0.00000   0.00000   0.00083   0.00050   0.00200   0.10114   0.12395   0.60773   0.00083   0.00167   0.00083   0.00323   0.00000   0.00000   0.00618   0.00090   0.00089   1.89240  -12.46604  -15.44711   0.01033  
 62  0.3752   7470.503791  x:  0.00000   0.00000   0.00083   0.00050   0.00200   0.10114   0.12394   0.60773   0.00083   0.00167   0.00083   0.00323   0.00000   0.00000   0.00618   0.00090   0.00089   1.89240  -14.79507  -17.77604   0.01033  
 63  0.5883   7470.503790  x:  0.00000   0.00000   0.00083   0.00050   0.00200   0.10114   0.12395   0.60773   0.00083   0.00167   0.00083   0.00323   0.00000   0.00000   0.00618   0.00090   0.00089   1.89240  -15.42756  -18.40862   0.01033  
 64  0.7059   7470.503790  x:  0.00000   0.00000   0.00083   0.00050   0.00200   0.10114   0.12395   0.60773   0.00083   0.00167   0.00083   0.00323   0.00000   0.00000   0.00618   0.00090   0.00089   1.89240  -15.42793  -18.40899   0.01033  
 65  1.1320   7470.503790  x:  0.00000   0.00000   0.00083   0.00050   0.00200   0.10114   0.12395   0.60773   0.00083   0.00167   0.00083   0.00323   0.00000   0.00000   0.00618   0.00090   0.00089   1.89240  -15.42793  -18.40899   0.01033  