Supplemental results for CODEML (seqf: Spropercds.txt  treef: sgene.tree)


MLEs of dN/dS (w) for site classes (K=3)

p:   0.87335  0.11204  0.01462
w:   0.00001  0.28530  3.45256

Naive Empirical Bayes (NEB) probabilities for 3 classes & postmean_w & P(w>1)
(amino acids refer to 1st sequence: lclNC_045512.2_ref_gene_S/1-3717)

   1 M   0.93980 0.06017 0.00004 ( 1)  0.017  0.000
   2 F   0.95569 0.04424 0.00007 ( 1)  0.013  0.000
   3 V   0.95497 0.04490 0.00013 ( 1)  0.013  0.000
   4 F   0.95569 0.04424 0.00007 ( 1)  0.013  0.000
   5 L   0.94920 0.05074 0.00006 ( 1)  0.015  0.000
   6 V   0.95497 0.04490 0.00013 ( 1)  0.013  0.000
   7 L   0.92791 0.07186 0.00023 ( 1)  0.021  0.000
   8 L   0.91554 0.08402 0.00044 ( 1)  0.025  0.000
   9 P   0.92672 0.07306 0.00021 ( 1)  0.022  0.000
  10 L   0.91856 0.08092 0.00051 ( 1)  0.025  0.001
  11 V   0.92087 0.07853 0.00060 ( 1)  0.024  0.001
  12 S   0.94900 0.05091 0.00009 ( 1)  0.015  0.000
  13 S   0.95569 0.04428 0.00004 ( 1)  0.013  0.000
  14 Q   0.91109 0.08826 0.00065 ( 1)  0.027  0.001
  15 C   0.94607 0.05388 0.00005 ( 1)  0.016  0.000
  16 V   0.95497 0.04490 0.00013 ( 1)  0.013  0.000
  17 N   0.96024 0.03967 0.00009 ( 1)  0.012  0.000
  18 L   0.94920 0.05074 0.00006 ( 1)  0.015  0.000
  19 T   0.93497 0.06480 0.00023 ( 1)  0.019  0.000
  20 T   0.91996 0.07949 0.00054 ( 1)  0.025  0.001
  21 R   0.93536 0.06456 0.00008 ( 1)  0.019  0.000
  22 T   0.95478 0.04511 0.00010 ( 1)  0.013  0.000
  23 Q   0.92755 0.07230 0.00015 ( 1)  0.021  0.000
  24 L   0.92794 0.07183 0.00023 ( 1)  0.021  0.000
  25 P   0.91259 0.08673 0.00068 ( 1)  0.027  0.001
  26 P   0.94616 0.05379 0.00006 ( 1)  0.016  0.000
  27 A   0.93445 0.06533 0.00022 ( 1)  0.019  0.000
  28 Y   0.91618 0.08317 0.00065 ( 1)  0.026  0.001
  29 T   0.95478 0.04511 0.00010 ( 1)  0.013  0.000
  30 N   0.96028 0.03963 0.00009 ( 1)  0.012  0.000
  31 S   0.94905 0.05086 0.00009 ( 1)  0.015  0.000
  32 F   0.92506 0.07466 0.00029 ( 1)  0.022  0.000
  33 T   0.93501 0.06476 0.00022 ( 1)  0.019  0.000
  34 R   0.93904 0.06091 0.00005 ( 1)  0.018  0.000
  35 G   0.95108 0.04887 0.00005 ( 1)  0.014  0.000
  36 V   0.95502 0.04485 0.00013 ( 1)  0.013  0.000
  37 Y   0.94994 0.04996 0.00010 ( 1)  0.015  0.000
  38 Y   0.91618 0.08317 0.00065 ( 1)  0.026  0.001
  39 P   0.94616 0.05379 0.00006 ( 1)  0.016  0.000
  40 D   0.93009 0.06968 0.00024 ( 1)  0.021  0.000
  41 K   0.94401 0.05590 0.00009 ( 1)  0.016  0.000
  42 V   0.95502 0.04485 0.00013 ( 1)  0.013  0.000
  43 F   0.92506 0.07466 0.00029 ( 1)  0.022  0.000
  44 R   0.93536 0.06456 0.00008 ( 1)  0.019  0.000
  45 S   0.91517 0.08417 0.00066 ( 1)  0.026  0.001
  46 S   0.92085 0.07869 0.00046 ( 1)  0.024  0.000
  47 V   0.95502 0.04485 0.00013 ( 1)  0.013  0.000
  48 L   0.92794 0.07183 0.00023 ( 1)  0.021  0.000
  49 H   0.95298 0.04697 0.00005 ( 1)  0.014  0.000
  50 S   0.92085 0.07869 0.00046 ( 1)  0.024  0.000
  51 T   0.95478 0.04511 0.00010 ( 1)  0.013  0.000
  52 Q   0.91111 0.08824 0.00065 ( 1)  0.027  0.001
  53 D   0.93009 0.06968 0.00024 ( 1)  0.021  0.000
  54 L   0.91557 0.08400 0.00044 ( 1)  0.025  0.000
  55 F   0.92506 0.07466 0.00029 ( 1)  0.022  0.000
  56 L   0.92794 0.07183 0.00023 ( 1)  0.021  0.000
  57 P   0.94616 0.05379 0.00006 ( 1)  0.016  0.000
  58 F   0.92506 0.07466 0.00029 ( 1)  0.022  0.000
  59 F   0.95573 0.04419 0.00007 ( 1)  0.013  0.000
  60 S   0.91517 0.08417 0.00066 ( 1)  0.026  0.001
  61 N   0.96028 0.03963 0.00009 ( 1)  0.012  0.000
  62 V   0.95502 0.04485 0.00013 ( 1)  0.013  0.000
  63 T   0.95478 0.04511 0.00010 ( 1)  0.013  0.000
  64 W   0.90601 0.09285 0.00114 ( 1)  0.030  0.001
  65 F   0.92506 0.07466 0.00029 ( 1)  0.022  0.000
  66 H   0.95298 0.04697 0.00005 ( 1)  0.014  0.000
  67 A   0.95432 0.04559 0.00010 ( 1)  0.013  0.000
  68 I   0.91305 0.08449 0.00246 ( 1)  0.033  0.002
  69 H   0.87335 0.11204 0.01462 ( 1)  0.082  0.015
  70 V   0.90041 0.09653 0.00306 ( 1)  0.038  0.003
  71 S   0.94905 0.05086 0.00009 ( 1)  0.015  0.000
  72 G   0.90570 0.09299 0.00131 ( 1)  0.031  0.001
  73 T   0.91972 0.07971 0.00056 ( 1)  0.025  0.001
  74 N   0.95985 0.04005 0.00010 ( 1)  0.012  0.000
  75 G   0.95108 0.04887 0.00005 ( 1)  0.014  0.000
  76 T   0.95478 0.04511 0.00010 ( 1)  0.013  0.000
  77 K   0.92561 0.07422 0.00017 ( 1)  0.022  0.000
  78 R   0.91634 0.08331 0.00035 ( 1)  0.025  0.000
  79 F   0.95573 0.04419 0.00007 ( 1)  0.013  0.000
  80 D   0.00066 0.97388 0.02546 ( 2)  0.366  0.025
  81 N   0.93093 0.06883 0.00024 ( 1)  0.020  0.000
  82 P   0.94616 0.05379 0.00006 ( 1)  0.016  0.000
  83 V   0.92090 0.07850 0.00060 ( 1)  0.024  0.001
  84 L   0.91859 0.08090 0.00051 ( 1)  0.025  0.001
  85 P   0.92676 0.07303 0.00021 ( 1)  0.022  0.000
  86 F   0.95573 0.04419 0.00007 ( 1)  0.013  0.000
  87 N   0.96028 0.03963 0.00009 ( 1)  0.012  0.000
  88 D   0.95999 0.03993 0.00008 ( 1)  0.012  0.000
  89 G   0.95108 0.04887 0.00005 ( 1)  0.014  0.000
  90 V   0.95502 0.04485 0.00013 ( 1)  0.013  0.000
  91 Y   0.94994 0.04996 0.00010 ( 1)  0.015  0.000
  92 F   0.95573 0.04419 0.00007 ( 1)  0.013  0.000
  93 A   0.95432 0.04559 0.00010 ( 1)  0.013  0.000
  94 S   0.91517 0.08417 0.00066 ( 1)  0.026  0.001
  95 T   0.95478 0.04511 0.00010 ( 1)  0.013  0.000
  96 E   0.92448 0.07532 0.00019 ( 1)  0.022  0.000
  97 K   0.92561 0.07422 0.00017 ( 1)  0.022  0.000
  98 S   0.94905 0.05086 0.00009 ( 1)  0.015  0.000
  99 N   0.93093 0.06883 0.00024 ( 1)  0.020  0.000
 100 I   0.94050 0.05930 0.00020 ( 1)  0.018  0.000
 101 I   0.94050 0.05930 0.00020 ( 1)  0.018  0.000
 102 R   0.93536 0.06456 0.00008 ( 1)  0.019  0.000
 103 G   0.91596 0.08356 0.00049 ( 1)  0.026  0.000
 104 W   0.90601 0.09285 0.00114 ( 1)  0.030  0.001
 105 I   0.95706 0.04281 0.00012 ( 1)  0.013  0.000
 106 F   0.95573 0.04419 0.00007 ( 1)  0.013  0.000
 107 G   0.95108 0.04887 0.00005 ( 1)  0.014  0.000
 108 T   0.95478 0.04511 0.00010 ( 1)  0.013  0.000
 109 T   0.95478 0.04511 0.00010 ( 1)  0.013  0.000
 110 L   0.92794 0.07183 0.00023 ( 1)  0.021  0.000
 111 D   0.95999 0.03993 0.00008 ( 1)  0.012  0.000
 112 S   0.90155 0.09627 0.00217 ( 1)  0.035  0.002
 113 K   0.92561 0.07422 0.00017 ( 1)  0.022  0.000
 114 T   0.91999 0.07946 0.00054 ( 1)  0.025  0.001
 115 Q   0.91111 0.08824 0.00065 ( 1)  0.027  0.001
 116 S   0.91517 0.08417 0.00066 ( 1)  0.026  0.001
 117 L   0.91859 0.08090 0.00051 ( 1)  0.025  0.001
 118 L   0.94924 0.05070 0.00006 ( 1)  0.015  0.000
 119 I   0.95706 0.04281 0.00012 ( 1)  0.013  0.000
 120 V   0.95502 0.04485 0.00013 ( 1)  0.013  0.000
 121 N   0.96028 0.03963 0.00009 ( 1)  0.012  0.000
 122 N   0.93093 0.06883 0.00024 ( 1)  0.020  0.000
 123 A   0.95432 0.04559 0.00010 ( 1)  0.013  0.000
 124 T   0.95478 0.04511 0.00010 ( 1)  0.013  0.000
 125 N   0.96028 0.03963 0.00009 ( 1)  0.012  0.000
 126 V   0.95502 0.04485 0.00013 ( 1)  0.013  0.000
 127 V   0.95502 0.04485 0.00013 ( 1)  0.013  0.000
 128 I   0.95706 0.04281 0.00012 ( 1)  0.013  0.000
 129 K   0.94401 0.05590 0.00009 ( 1)  0.016  0.000
 130 V   0.92090 0.07850 0.00060 ( 1)  0.024  0.001
 131 C   0.94612 0.05384 0.00005 ( 1)  0.016  0.000
 132 E   0.94316 0.05674 0.00009 ( 1)  0.017  0.000
 133 F   0.95573 0.04419 0.00007 ( 1)  0.013  0.000
 134 Q   0.92755 0.07230 0.00015 ( 1)  0.021  0.000
 135 F   0.95573 0.04419 0.00007 ( 1)  0.013  0.000
 136 C   0.94612 0.05384 0.00005 ( 1)  0.016  0.000
 137 N   0.96028 0.03963 0.00009 ( 1)  0.012  0.000
 138 D   0.95999 0.03993 0.00008 ( 1)  0.012  0.000
 139 P   0.92676 0.07303 0.00021 ( 1)  0.022  0.000
 140 F   0.95573 0.04419 0.00007 ( 1)  0.013  0.000
 141 L   0.91557 0.08400 0.00044 ( 1)  0.025  0.000
 142 G   0.95108 0.04887 0.00005 ( 1)  0.014  0.000
 143 V   0.95012 0.04972 0.00016 ( 1)  0.015  0.000
 144 Y   0.88087 0.10962 0.00951 ( 1)  0.064  0.010
 145 Y   0.91646 0.08291 0.00063 ( 1)  0.026  0.001
 146 H   0.93409 0.06561 0.00029 ( 1)  0.020  0.000
 147 K   0.00045 0.98692 0.01263 ( 2)  0.325  0.013
 148 N   0.93093 0.06883 0.00024 ( 1)  0.020  0.000
 149 N   0.94318 0.05655 0.00027 ( 1)  0.017  0.000
 150 K   0.94401 0.05590 0.00009 ( 1)  0.016  0.000
 151 S   0.00039 0.97185 0.02776 ( 2)  0.373  0.028
 152 W   0.90601 0.09285 0.00114 ( 1)  0.030  0.001
 153 M   0.00016 0.95308 0.04675 ( 2)  0.433  0.047
 154 E   0.94316 0.05674 0.00009 ( 1)  0.017  0.000
 155 S   0.00060 0.99329 0.00610 ( 2)  0.304  0.006
 156 E   0.92448 0.07532 0.00019 ( 1)  0.022  0.000
 157 F   0.93774 0.06197 0.00029 ( 1)  0.019  0.000
 158 R   0.93536 0.06456 0.00008 ( 1)  0.019  0.000
 159 V   0.95502 0.04485 0.00013 ( 1)  0.013  0.000
 160 Y   0.94372 0.05612 0.00016 ( 1)  0.017  0.000
 161 S   0.94007 0.05978 0.00015 ( 1)  0.018  0.000
 162 S   0.95573 0.04423 0.00004 ( 1)  0.013  0.000
 163 A   0.91603 0.08300 0.00098 ( 1)  0.027  0.001
 164 N   0.95229 0.04760 0.00011 ( 1)  0.014  0.000
 165 N   0.96028 0.03963 0.00009 ( 1)  0.012  0.000
 166 C   0.91335 0.08606 0.00060 ( 1)  0.027  0.001
 167 T   0.95478 0.04511 0.00010 ( 1)  0.013  0.000
 168 F   0.94687 0.05304 0.00010 ( 1)  0.015  0.000
 169 E   0.93945 0.06035 0.00020 ( 1)  0.018  0.000
 170 Y   0.94056 0.05932 0.00012 ( 1)  0.017  0.000
 171 V   0.00041 0.96072 0.03887 ( 2)  0.408  0.039
 172 S   0.94905 0.05086 0.00009 ( 1)  0.015  0.000
 173 Q   0.91678 0.08256 0.00065 ( 1)  0.026  0.001
 174 P   0.94616 0.05379 0.00006 ( 1)  0.016  0.000
 175 F   0.95573 0.04419 0.00007 ( 1)  0.013  0.000
 176 L   0.94924 0.05070 0.00006 ( 1)  0.015  0.000
 177 M   0.93984 0.06013 0.00004 ( 1)  0.017  0.000
 178 D   0.93009 0.06968 0.00024 ( 1)  0.021  0.000
 179 L   0.94924 0.05070 0.00006 ( 1)  0.015  0.000
 180 E   0.94316 0.05674 0.00009 ( 1)  0.017  0.000
 181 G   0.92817 0.07165 0.00017 ( 1)  0.021  0.000
 182 K   0.93770 0.06214 0.00015 ( 1)  0.018  0.000
 183 Q   0.91678 0.08256 0.00065 ( 1)  0.026  0.001
 184 G   0.95108 0.04887 0.00005 ( 1)  0.014  0.000
 185 N   0.96028 0.03963 0.00009 ( 1)  0.012  0.000
 186 F   0.93774 0.06197 0.00029 ( 1)  0.019  0.000
 187 K   0.93770 0.06214 0.00015 ( 1)  0.018  0.000
 188 N   0.95229 0.04760 0.00011 ( 1)  0.014  0.000
 189 L   0.94924 0.05070 0.00006 ( 1)  0.015  0.000
 190 R   0.92305 0.07652 0.00043 ( 1)  0.023  0.000
 191 E   0.93673 0.06312 0.00015 ( 1)  0.019  0.000
 192 F   0.94996 0.04989 0.00015 ( 1)  0.015  0.000
 193 V   0.90936 0.08947 0.00117 ( 1)  0.030  0.001
 194 F   0.95573 0.04419 0.00007 ( 1)  0.013  0.000
 195 K   0.93214 0.06757 0.00029 ( 1)  0.020  0.000
 196 N   0.96028 0.03963 0.00009 ( 1)  0.012  0.000
 197 I   0.00060 0.98765 0.01175 ( 2)  0.322  0.012
 198 D   0.95999 0.03993 0.00008 ( 1)  0.012  0.000
 199 G   0.95108 0.04887 0.00005 ( 1)  0.014  0.000
 200 Y   0.94994 0.04996 0.00010 ( 1)  0.015  0.000
 201 F   0.93285 0.06694 0.00021 ( 1)  0.020  0.000
 202 K   0.93770 0.06214 0.00015 ( 1)  0.018  0.000
 203 I   0.94617 0.05355 0.00028 ( 1)  0.016  0.000
 204 Y   0.94056 0.05932 0.00012 ( 1)  0.017  0.000
 205 S   0.94905 0.05086 0.00009 ( 1)  0.015  0.000
 206 K   0.93930 0.06047 0.00023 ( 1)  0.018  0.000
 207 H   0.92651 0.07326 0.00023 ( 1)  0.022  0.000
 208 T   0.92006 0.07911 0.00084 ( 1)  0.025  0.001
 209 P   0.94616 0.05379 0.00006 ( 1)  0.016  0.000
 210 I   0.95706 0.04281 0.00012 ( 1)  0.013  0.000
 211 N   0.00066 0.99074 0.00860 ( 2)  0.312  0.009
 212 L   0.92794 0.07183 0.00023 ( 1)  0.021  0.000
 213 V   0.90936 0.08947 0.00117 ( 1)  0.030  0.001
 214 R   0.92930 0.07057 0.00013 ( 1)  0.021  0.000
 215 D   0.00054 0.97412 0.02534 ( 2)  0.365  0.025
 216 L   0.92079 0.07885 0.00036 ( 1)  0.024  0.000
 217 P   0.91910 0.08051 0.00039 ( 1)  0.024  0.000
 218 Q   0.00000 0.01685 0.98315 ( 3)  3.399  0.983
 219 G   0.95108 0.04887 0.00005 ( 1)  0.014  0.000
 220 F   0.95573 0.04419 0.00007 ( 1)  0.013  0.000
 221 S   0.00032 0.89856 0.10112 ( 2)  0.605  0.101
 222 A   0.94762 0.05225 0.00014 ( 1)  0.015  0.000
 223 L   0.92312 0.07647 0.00040 ( 1)  0.023  0.000
 224 E   0.94316 0.05674 0.00009 ( 1)  0.017  0.000
 225 P   0.92676 0.07303 0.00021 ( 1)  0.022  0.000
 226 L   0.90933 0.08933 0.00134 ( 1)  0.030  0.001
 227 V   0.92863 0.07102 0.00035 ( 1)  0.021  0.000
 228 D   0.95174 0.04815 0.00010 ( 1)  0.014  0.000
 229 L   0.90628 0.09084 0.00288 ( 1)  0.036  0.003
 230 P   0.93354 0.06619 0.00026 ( 1)  0.020  0.000
 231 I   0.94050 0.05930 0.00020 ( 1)  0.018  0.000
 232 G   0.95108 0.04887 0.00005 ( 1)  0.014  0.000
 233 I   0.95706 0.04281 0.00012 ( 1)  0.013  0.000
 234 N   0.94318 0.05655 0.00027 ( 1)  0.017  0.000
 235 I   0.93825 0.06136 0.00039 ( 1)  0.019  0.000
 236 T   0.94530 0.05458 0.00012 ( 1)  0.016  0.000
 237 R   0.92305 0.07652 0.00043 ( 1)  0.023  0.000
 238 F   0.94687 0.05304 0.00010 ( 1)  0.015  0.000
 239 Q   0.92755 0.07230 0.00015 ( 1)  0.021  0.000
 240 T   0.91849 0.07963 0.00188 ( 1)  0.029  0.002
 241 L   0.87335 0.11204 0.01462 ( 1)  0.082  0.015
 242 L   0.87335 0.11204 0.01462 ( 1)  0.082  0.015
 243 A   0.92476 0.07388 0.00136 ( 1)  0.026  0.001
 244 L   0.92794 0.07183 0.00023 ( 1)  0.021  0.000
 245 H   0.95298 0.04697 0.00005 ( 1)  0.014  0.000
 246 R   0.93536 0.06456 0.00008 ( 1)  0.019  0.000
 247 S   0.95029 0.04961 0.00009 ( 1)  0.014  0.000
 248 Y   0.94994 0.04996 0.00010 ( 1)  0.015  0.000
 249 L   0.88417 0.10619 0.00964 ( 1)  0.064  0.010
 250 T   0.94820 0.05165 0.00015 ( 1)  0.015  0.000
 251 P   0.94616 0.05379 0.00006 ( 1)  0.016  0.000
 252 G   0.95108 0.04887 0.00005 ( 1)  0.014  0.000
 253 D   0.00000 0.94352 0.05648 ( 2)  0.464  0.056
 254 S   0.00012 0.89813 0.10175 ( 2)  0.608  0.102
 255 S   0.00000 0.55858 0.44142 ( 2)  1.683  0.441
 256 S   0.00000 0.44341 0.55659 ( 3)  2.048  0.557
 257 G   0.94064 0.05928 0.00008 ( 1)  0.017  0.000
 258 W   0.90599 0.09287 0.00114 ( 1)  0.030  0.001
 259 T   0.93479 0.06498 0.00023 ( 1)  0.019  0.000
 260 A   0.00057 0.98762 0.01182 ( 2)  0.323  0.012
 261 G   0.94295 0.05692 0.00013 ( 1)  0.017  0.000
 262 A   0.95389 0.04601 0.00011 ( 1)  0.014  0.000
 263 A   0.94107 0.05864 0.00030 ( 1)  0.018  0.000
 264 A   0.95389 0.04601 0.00011 ( 1)  0.014  0.000
 265 Y   0.94007 0.05980 0.00013 ( 1)  0.018  0.000
 266 Y   0.94953 0.05037 0.00011 ( 1)  0.015  0.000
 267 V   0.92063 0.07847 0.00090 ( 1)  0.025  0.001
 268 G   0.95067 0.04927 0.00005 ( 1)  0.014  0.000
 269 Y   0.94007 0.05980 0.00013 ( 1)  0.018  0.000
 270 L   0.93918 0.06067 0.00016 ( 1)  0.018  0.000
 271 Q   0.92724 0.07260 0.00016 ( 1)  0.021  0.000
 272 P   0.00025 0.90905 0.09070 ( 2)  0.572  0.091
 273 R   0.91609 0.08355 0.00036 ( 1)  0.025  0.000
 274 T   0.95435 0.04553 0.00012 ( 1)  0.013  0.000
 275 F   0.95531 0.04461 0.00008 ( 1)  0.013  0.000
 276 L   0.91835 0.08097 0.00067 ( 1)  0.025  0.001
 277 L   0.92560 0.07386 0.00054 ( 1)  0.023  0.001
 278 K   0.00000 0.93088 0.06912 ( 2)  0.504  0.069
 279 Y   0.94007 0.05980 0.00013 ( 1)  0.018  0.000
 280 N   0.95985 0.04005 0.00010 ( 1)  0.012  0.000
 281 E   0.00037 0.96197 0.03766 ( 2)  0.404  0.038
 282 N   0.95985 0.04005 0.00010 ( 1)  0.012  0.000
 283 G   0.92786 0.07196 0.00018 ( 1)  0.021  0.000
 284 T   0.91972 0.07971 0.00056 ( 1)  0.025  0.001
 285 I   0.95662 0.04324 0.00014 ( 1)  0.013  0.000
 286 T   0.93465 0.06511 0.00024 ( 1)  0.019  0.000
 287 D   0.95955 0.04035 0.00010 ( 1)  0.012  0.000
 288 A   0.95389 0.04601 0.00011 ( 1)  0.014  0.000
 289 V   0.94214 0.05752 0.00034 ( 1)  0.018  0.000
 290 D   0.94229 0.05743 0.00028 ( 1)  0.017  0.000
 291 C   0.94573 0.05422 0.00005 ( 1)  0.016  0.000
 292 A   0.00033 0.95183 0.04784 ( 2)  0.437  0.048
 293 L   0.93918 0.06067 0.00016 ( 1)  0.018  0.000
 294 D   0.92977 0.06998 0.00025 ( 1)  0.021  0.000
 295 P   0.94577 0.05417 0.00006 ( 1)  0.016  0.000
 296 L   0.94175 0.05809 0.00016 ( 1)  0.017  0.000
 297 S   0.92056 0.07896 0.00048 ( 1)  0.024  0.000
 298 E   0.93630 0.06353 0.00017 ( 1)  0.019  0.000
 299 T   0.93465 0.06511 0.00024 ( 1)  0.019  0.000
 300 K   0.92532 0.07451 0.00018 ( 1)  0.022  0.000
 301 C   0.93566 0.06423 0.00011 ( 1)  0.019  0.000
 302 T   0.91987 0.07927 0.00086 ( 1)  0.026  0.001
 303 L   0.92442 0.07510 0.00048 ( 1)  0.023  0.000
 304 K   0.94362 0.05628 0.00010 ( 1)  0.016  0.000
 305 S   0.91492 0.08439 0.00068 ( 1)  0.026  0.001
 306 F   0.00032 0.93984 0.05984 ( 2)  0.475  0.060
 307 T   0.94771 0.05213 0.00017 ( 1)  0.015  0.000
 308 V   0.94951 0.05025 0.00024 ( 1)  0.015  0.000
 309 E   0.94278 0.05712 0.00010 ( 1)  0.017  0.000
 310 K   0.94362 0.05628 0.00010 ( 1)  0.016  0.000
 311 G   0.92786 0.07196 0.00018 ( 1)  0.021  0.000
 312 I   0.94868 0.05108 0.00024 ( 1)  0.015  0.000
 313 Y   0.94007 0.05980 0.00013 ( 1)  0.018  0.000
 314 Q   0.92127 0.07837 0.00036 ( 1)  0.024  0.000
 315 T   0.94767 0.05214 0.00019 ( 1)  0.016  0.000
 316 S   0.94864 0.05126 0.00010 ( 1)  0.015  0.000
 317 N   0.93061 0.06914 0.00025 ( 1)  0.021  0.000
 318 F   0.94641 0.05348 0.00011 ( 1)  0.016  0.000
 319 R   0.93533 0.06459 0.00008 ( 1)  0.019  0.000
 320 V   0.93536 0.06419 0.00045 ( 1)  0.020  0.000
 321 Q   0.92751 0.07233 0.00015 ( 1)  0.021  0.000
 322 P   0.92672 0.07307 0.00021 ( 1)  0.022  0.000
 323 T   0.93497 0.06480 0.00023 ( 1)  0.019  0.000
 324 E   0.00000 0.31397 0.68603 ( 3)  2.458  0.686
 325 S   0.00000 0.85932 0.14068 ( 2)  0.731  0.141
 326 I   0.95153 0.04830 0.00017 ( 1)  0.014  0.000
 327 V   0.95497 0.04490 0.00013 ( 1)  0.013  0.000
 328 R   0.93536 0.06456 0.00008 ( 1)  0.019  0.000
 329 F   0.94996 0.04989 0.00015 ( 1)  0.015  0.000
 330 P   0.94334 0.05656 0.00010 ( 1)  0.016  0.000
 331 N   0.96028 0.03963 0.00009 ( 1)  0.012  0.000
 332 I   0.95706 0.04281 0.00012 ( 1)  0.013  0.000
 333 T   0.93501 0.06476 0.00022 ( 1)  0.019  0.000
 334 N   0.93093 0.06883 0.00024 ( 1)  0.020  0.000
 335 L   0.92465 0.07489 0.00046 ( 1)  0.023  0.000
 336 C   0.93981 0.06005 0.00014 ( 1)  0.018  0.000
 337 P   0.93932 0.06057 0.00011 ( 1)  0.018  0.000
 338 F   0.95573 0.04419 0.00007 ( 1)  0.013  0.000
 339 G   0.94342 0.05646 0.00012 ( 1)  0.017  0.000
 340 E   0.94316 0.05674 0.00009 ( 1)  0.017  0.000
 341 V   0.94343 0.05639 0.00018 ( 1)  0.017  0.000
 342 F   0.95573 0.04419 0.00007 ( 1)  0.013  0.000
 343 N   0.93093 0.06883 0.00024 ( 1)  0.020  0.000
 344 A   0.92662 0.07285 0.00053 ( 1)  0.023  0.001
 345 T   0.00027 0.90184 0.09788 ( 2)  0.595  0.098
 346 R   0.00000 0.78521 0.21479 ( 2)  0.966  0.215
 347 F   0.94996 0.04989 0.00015 ( 1)  0.015  0.000
 348 A   0.93445 0.06533 0.00022 ( 1)  0.019  0.000
 349 S   0.92656 0.07312 0.00032 ( 1)  0.022  0.000
 350 V   0.95502 0.04485 0.00013 ( 1)  0.013  0.000
 351 Y   0.94994 0.04996 0.00010 ( 1)  0.015  0.000
 352 A   0.95432 0.04559 0.00010 ( 1)  0.013  0.000
 353 W   0.90601 0.09285 0.00114 ( 1)  0.030  0.001
 354 N   0.93093 0.06883 0.00024 ( 1)  0.020  0.000
 355 R   0.91859 0.08107 0.00034 ( 1)  0.024  0.000
 356 K   0.92561 0.07422 0.00017 ( 1)  0.022  0.000
 357 R   0.93536 0.06456 0.00008 ( 1)  0.019  0.000
 358 I   0.94888 0.05089 0.00023 ( 1)  0.015  0.000
 359 S   0.92264 0.07713 0.00023 ( 1)  0.023  0.000
 360 N   0.94318 0.05655 0.00027 ( 1)  0.017  0.000
 361 C   0.94612 0.05384 0.00005 ( 1)  0.016  0.000
 362 V   0.95502 0.04485 0.00013 ( 1)  0.013  0.000
 363 A   0.95432 0.04559 0.00010 ( 1)  0.013  0.000
 364 D   0.95999 0.03993 0.00008 ( 1)  0.012  0.000
 365 Y   0.92523 0.07443 0.00034 ( 1)  0.022  0.000
 366 S   0.94905 0.05086 0.00009 ( 1)  0.015  0.000
 367 V   0.92818 0.07123 0.00059 ( 1)  0.022  0.001
 368 L   0.93050 0.06900 0.00050 ( 1)  0.021  0.000
 369 Y   0.94994 0.04996 0.00010 ( 1)  0.015  0.000
 370 N   0.95229 0.04760 0.00011 ( 1)  0.014  0.000
 371 S   0.92921 0.07035 0.00043 ( 1)  0.022  0.000
 372 A   0.00033 0.92348 0.07619 ( 2)  0.527  0.076
 373 S   0.92085 0.07869 0.00046 ( 1)  0.024  0.000
 374 F   0.95573 0.04419 0.00007 ( 1)  0.013  0.000
 375 S   0.92169 0.07790 0.00041 ( 1)  0.024  0.000
 376 T   0.94817 0.05166 0.00017 ( 1)  0.015  0.000
 377 F   0.95573 0.04419 0.00007 ( 1)  0.013  0.000
 378 K   0.93930 0.06047 0.00023 ( 1)  0.018  0.000
 379 C   0.94612 0.05384 0.00005 ( 1)  0.016  0.000
 380 Y   0.94994 0.04996 0.00010 ( 1)  0.015  0.000
 381 G   0.92817 0.07165 0.00017 ( 1)  0.021  0.000
 382 V   0.92946 0.06969 0.00085 ( 1)  0.023  0.001
 383 S   0.94007 0.05978 0.00015 ( 1)  0.018  0.000
 384 P   0.94616 0.05379 0.00006 ( 1)  0.016  0.000
 385 T   0.94820 0.05165 0.00015 ( 1)  0.015  0.000
 386 K   0.94401 0.05590 0.00009 ( 1)  0.016  0.000
 387 L   0.91235 0.08431 0.00334 ( 1)  0.036  0.003
 388 N   0.96028 0.03963 0.00009 ( 1)  0.012  0.000
 389 D   0.95174 0.04815 0.00010 ( 1)  0.014  0.000
 390 L   0.92900 0.07061 0.00039 ( 1)  0.021  0.000
 391 C   0.91335 0.08606 0.00060 ( 1)  0.027  0.001
 392 F   0.94687 0.05304 0.00010 ( 1)  0.015  0.000
 393 T   0.94530 0.05458 0.00012 ( 1)  0.016  0.000
 394 N   0.96028 0.03963 0.00009 ( 1)  0.012  0.000
 395 V   0.93158 0.06803 0.00040 ( 1)  0.021  0.000
 396 Y   0.94994 0.04996 0.00010 ( 1)  0.015  0.000
 397 A   0.93445 0.06533 0.00022 ( 1)  0.019  0.000
 398 D   0.93885 0.06098 0.00018 ( 1)  0.018  0.000
 399 S   0.92085 0.07869 0.00046 ( 1)  0.024  0.000
 400 F   0.95573 0.04419 0.00007 ( 1)  0.013  0.000
 401 V   0.93748 0.06203 0.00050 ( 1)  0.019  0.000
 402 I   0.00060 0.98765 0.01175 ( 2)  0.322  0.012
 403 R   0.00000 0.78521 0.21479 ( 2)  0.966  0.215
 404 G   0.95108 0.04887 0.00005 ( 1)  0.014  0.000
 405 D   0.95174 0.04815 0.00010 ( 1)  0.014  0.000
 406 E   0.93673 0.06312 0.00015 ( 1)  0.019  0.000
 407 V   0.93539 0.06417 0.00045 ( 1)  0.020  0.000
 408 R   0.93536 0.06456 0.00008 ( 1)  0.019  0.000
 409 Q   0.92755 0.07230 0.00015 ( 1)  0.021  0.000
 410 I   0.94153 0.05812 0.00035 ( 1)  0.018  0.000
 411 A   0.93376 0.06592 0.00032 ( 1)  0.020  0.000
 412 P   0.92298 0.07667 0.00035 ( 1)  0.023  0.000
 413 G   0.92428 0.07539 0.00033 ( 1)  0.023  0.000
 414 Q   0.92755 0.07230 0.00015 ( 1)  0.021  0.000
 415 T   0.95478 0.04511 0.00010 ( 1)  0.013  0.000
 416 G   0.93654 0.06314 0.00032 ( 1)  0.019  0.000
 417 K   0.00000 0.07258 0.92742 ( 3)  3.223  0.927
 418 I   0.95706 0.04281 0.00012 ( 1)  0.013  0.000
 419 A   0.95432 0.04559 0.00010 ( 1)  0.013  0.000
 420 D   0.95402 0.04582 0.00016 ( 1)  0.014  0.000
 421 Y   0.94372 0.05612 0.00016 ( 1)  0.017  0.000
 422 N   0.95229 0.04760 0.00011 ( 1)  0.014  0.000
 423 Y   0.94994 0.04996 0.00010 ( 1)  0.015  0.000
 424 K   0.93770 0.06214 0.00015 ( 1)  0.018  0.000
 425 L   0.91402 0.08468 0.00129 ( 1)  0.029  0.001
 426 P   0.92676 0.07303 0.00021 ( 1)  0.022  0.000
 427 D   0.95999 0.03993 0.00008 ( 1)  0.012  0.000
 428 D   0.95999 0.03993 0.00008 ( 1)  0.012  0.000
 429 F   0.95573 0.04419 0.00007 ( 1)  0.013  0.000
 430 T   0.94978 0.05003 0.00019 ( 1)  0.015  0.000
 431 G   0.94379 0.05608 0.00013 ( 1)  0.016  0.000
 432 C   0.93981 0.06005 0.00014 ( 1)  0.018  0.000
 433 V   0.95502 0.04485 0.00013 ( 1)  0.013  0.000
 434 I   0.94617 0.05355 0.00028 ( 1)  0.016  0.000
 435 A   0.95432 0.04559 0.00010 ( 1)  0.013  0.000
 436 W   0.90601 0.09285 0.00114 ( 1)  0.030  0.001
 437 N   0.95229 0.04760 0.00011 ( 1)  0.014  0.000
 438 S   0.94007 0.05978 0.00015 ( 1)  0.018  0.000
 439 N   0.00000 0.02230 0.97770 ( 3)  3.382  0.978
 440 N   0.00000 0.80687 0.19313 ( 2)  0.897  0.193
 441 L   0.00000 0.34499 0.65501 ( 3)  2.360  0.655
 442 D   0.95999 0.03993 0.00008 ( 1)  0.012  0.000
 443 S   0.00044 0.91805 0.08151 ( 2)  0.543  0.082
 444 K   0.00000 0.41954 0.58046 ( 3)  2.124  0.580
 445 V   0.00000 0.10551 0.89449 ( 3)  3.118  0.894
 446 G   0.94537 0.05452 0.00011 ( 1)  0.016  0.000
 447 G   0.95108 0.04887 0.00005 ( 1)  0.014  0.000
 448 N   0.96028 0.03963 0.00009 ( 1)  0.012  0.000
 449 Y   0.00046 0.95893 0.04061 ( 2)  0.414  0.041
 450 N   0.00000 0.92551 0.07449 ( 2)  0.521  0.074
 451 Y   0.94207 0.05773 0.00020 ( 1)  0.017  0.000
 452 L   0.90897 0.08938 0.00165 ( 1)  0.031  0.002
 453 Y   0.94372 0.05612 0.00016 ( 1)  0.017  0.000
 454 R   0.91334 0.08108 0.00558 ( 1)  0.042  0.006
 455 L   0.88459 0.08925 0.02616 ( 1)  0.116  0.026
 456 F   0.95573 0.04419 0.00007 ( 1)  0.013  0.000
 457 R   0.93160 0.06820 0.00020 ( 1)  0.020  0.000
 458 K   0.92856 0.07123 0.00021 ( 1)  0.021  0.000
 459 S   0.00046 0.95666 0.04288 ( 2)  0.421  0.043
 460 N   0.00054 0.98951 0.00995 ( 2)  0.317  0.010
 461 L   0.94192 0.05793 0.00015 ( 1)  0.017  0.000
 462 K   0.94401 0.05590 0.00009 ( 1)  0.016  0.000
 463 P   0.93037 0.06937 0.00026 ( 1)  0.021  0.000
 464 F   0.95573 0.04419 0.00007 ( 1)  0.013  0.000
 465 E   0.92448 0.07532 0.00019 ( 1)  0.022  0.000
 466 R   0.93239 0.06744 0.00017 ( 1)  0.020  0.000
 467 D   0.95999 0.03993 0.00008 ( 1)  0.012  0.000
 468 I   0.95056 0.04925 0.00019 ( 1)  0.015  0.000
 469 S   0.92064 0.07876 0.00060 ( 1)  0.025  0.001
 470 T   0.95478 0.04511 0.00010 ( 1)  0.013  0.000
 471 E   0.94316 0.05674 0.00009 ( 1)  0.017  0.000
 472 I   0.94153 0.05812 0.00035 ( 1)  0.018  0.000
 473 Y   0.92523 0.07443 0.00034 ( 1)  0.022  0.000
 474 Q   0.92419 0.07547 0.00033 ( 1)  0.023  0.000
 475 A   0.92264 0.07691 0.00045 ( 1)  0.024  0.000
 476 G   0.92331 0.07642 0.00027 ( 1)  0.023  0.000
 477 S   0.00033 0.96483 0.03485 ( 2)  0.396  0.035
 478 T   0.00035 0.93426 0.06539 ( 2)  0.492  0.065
 479 P   0.93604 0.06387 0.00010 ( 1)  0.019  0.000
 480 C   0.94612 0.05384 0.00005 ( 1)  0.016  0.000
 481 N   0.95229 0.04760 0.00011 ( 1)  0.014  0.000
 482 G   0.95108 0.04887 0.00005 ( 1)  0.014  0.000
 483 V   0.00000 0.16050 0.83950 ( 3)  2.944  0.839
 484 E   0.00000 0.00369 0.99631 ( 3)  3.441  0.996
 485 G   0.95108 0.04887 0.00005 ( 1)  0.014  0.000
 486 F   0.00032 0.93443 0.06525 ( 2)  0.492  0.065
 487 N   0.96028 0.03963 0.00009 ( 1)  0.012  0.000
 488 C   0.94118 0.05870 0.00011 ( 1)  0.017  0.000
 489 Y   0.93058 0.06900 0.00042 ( 1)  0.021  0.000
 490 F   0.00042 0.94559 0.05399 ( 2)  0.456  0.054
 491 P   0.94334 0.05656 0.00010 ( 1)  0.016  0.000
 492 L   0.92565 0.06732 0.00704 ( 1)  0.044  0.007
 493 Q   0.00000 0.16023 0.83977 ( 3)  2.945  0.840
 494 S   0.00000 0.25826 0.74174 ( 3)  2.635  0.742
 495 Y   0.94994 0.04996 0.00010 ( 1)  0.015  0.000
 496 G   0.94763 0.05225 0.00012 ( 1)  0.015  0.000
 497 F   0.94843 0.05139 0.00018 ( 1)  0.015  0.000
 498 Q   0.00000 0.54222 0.45778 ( 2)  1.735  0.458
 499 P   0.92853 0.07117 0.00031 ( 1)  0.021  0.000
 500 T   0.95478 0.04511 0.00010 ( 1)  0.013  0.000
 501 N   0.00000 0.12665 0.87335 ( 3)  3.051  0.873
 502 G   0.95108 0.04887 0.00005 ( 1)  0.014  0.000
 503 V   0.95502 0.04485 0.00013 ( 1)  0.013  0.000
 504 G   0.00000 0.93313 0.06687 ( 2)  0.497  0.067
 505 Y   0.00026 0.88381 0.11593 ( 2)  0.652  0.116
 506 Q   0.92755 0.07230 0.00015 ( 1)  0.021  0.000
 507 P   0.94259 0.05730 0.00011 ( 1)  0.017  0.000
 508 Y   0.00043 0.96986 0.02971 ( 2)  0.379  0.030
 509 R   0.93239 0.06744 0.00017 ( 1)  0.020  0.000
 510 V   0.92863 0.07102 0.00035 ( 1)  0.021  0.000
 511 V   0.94247 0.05721 0.00032 ( 1)  0.017  0.000
 512 V   0.94247 0.05721 0.00032 ( 1)  0.017  0.000
 513 L   0.92292 0.07583 0.00125 ( 1)  0.026  0.001
 514 S   0.94007 0.05978 0.00015 ( 1)  0.018  0.000
 515 F   0.95573 0.04419 0.00007 ( 1)  0.013  0.000
 516 E   0.93673 0.06312 0.00015 ( 1)  0.019  0.000
 517 L   0.92292 0.07583 0.00125 ( 1)  0.026  0.001
 518 L   0.93050 0.06900 0.00050 ( 1)  0.021  0.000
 519 H   0.00049 0.93668 0.06284 ( 2)  0.484  0.063
 520 A   0.00033 0.96128 0.03840 ( 2)  0.407  0.038
 521 P   0.92676 0.07303 0.00021 ( 1)  0.022  0.000
 522 A   0.94140 0.05833 0.00028 ( 1)  0.018  0.000
 523 T   0.95478 0.04511 0.00010 ( 1)  0.013  0.000
 524 V   0.95502 0.04485 0.00013 ( 1)  0.013  0.000
 525 C   0.94612 0.05384 0.00005 ( 1)  0.016  0.000
 526 G   0.92817 0.07165 0.00017 ( 1)  0.021  0.000
 527 P   0.93604 0.06387 0.00010 ( 1)  0.019  0.000
 528 K   0.94027 0.05953 0.00020 ( 1)  0.018  0.000
 529 K   0.00000 0.50589 0.49411 ( 2)  1.850  0.494
 530 S   0.94905 0.05086 0.00009 ( 1)  0.015  0.000
 531 T   0.94820 0.05165 0.00015 ( 1)  0.015  0.000
 532 N   0.00032 0.92417 0.07552 ( 2)  0.524  0.076
 533 L   0.91587 0.08261 0.00152 ( 1)  0.029  0.002
 534 V   0.95502 0.04485 0.00013 ( 1)  0.013  0.000
 535 K   0.94401 0.05590 0.00009 ( 1)  0.016  0.000
 536 N   0.00043 0.97409 0.02548 ( 2)  0.366  0.025
 537 K   0.94401 0.05590 0.00009 ( 1)  0.016  0.000
 538 C   0.94612 0.05384 0.00005 ( 1)  0.016  0.000
 539 V   0.92090 0.07850 0.00060 ( 1)  0.024  0.001
 540 N   0.96028 0.03963 0.00009 ( 1)  0.012  0.000
 541 F   0.92506 0.07466 0.00029 ( 1)  0.022  0.000
 542 N   0.93093 0.06883 0.00024 ( 1)  0.020  0.000
 543 F   0.94843 0.05139 0.00018 ( 1)  0.015  0.000
 544 N   0.95229 0.04760 0.00011 ( 1)  0.014  0.000
 545 G   0.95108 0.04887 0.00005 ( 1)  0.014  0.000
 546 L   0.92794 0.07183 0.00023 ( 1)  0.021  0.000
 547 T   0.94978 0.05003 0.00019 ( 1)  0.015  0.000
 548 G   0.91596 0.08356 0.00049 ( 1)  0.026  0.000
 549 T   0.93501 0.06476 0.00022 ( 1)  0.019  0.000
 550 G   0.95108 0.04887 0.00005 ( 1)  0.014  0.000
 551 V   0.94829 0.05151 0.00020 ( 1)  0.015  0.000
 552 L   0.94350 0.05637 0.00013 ( 1)  0.017  0.000
 553 T   0.93931 0.06049 0.00019 ( 1)  0.018  0.000
 554 E   0.00000 0.64110 0.35890 ( 2)  1.422  0.359
 555 S   0.94905 0.05086 0.00009 ( 1)  0.015  0.000
 556 N   0.00044 0.97895 0.02061 ( 2)  0.350  0.021
 557 K   0.94401 0.05590 0.00009 ( 1)  0.016  0.000
 558 K   0.00030 0.95370 0.04599 ( 2)  0.431  0.046
 559 F   0.95573 0.04419 0.00007 ( 1)  0.013  0.000
 560 L   0.90112 0.09665 0.00223 ( 1)  0.035  0.002
 561 P   0.94616 0.05379 0.00006 ( 1)  0.016  0.000
 562 F   0.93774 0.06197 0.00029 ( 1)  0.019  0.000
 563 Q   0.92755 0.07230 0.00015 ( 1)  0.021  0.000
 564 Q   0.92755 0.07230 0.00015 ( 1)  0.021  0.000
 565 F   0.95573 0.04419 0.00007 ( 1)  0.013  0.000
 566 G   0.94379 0.05608 0.00013 ( 1)  0.016  0.000
 567 R   0.93536 0.06456 0.00008 ( 1)  0.019  0.000
 568 D   0.93009 0.06968 0.00024 ( 1)  0.021  0.000
 569 I   0.94845 0.05142 0.00013 ( 1)  0.015  0.000
 570 A   0.00000 0.75546 0.24454 ( 2)  1.060  0.245
 571 D   0.93009 0.06968 0.00024 ( 1)  0.021  0.000
 572 T   0.95478 0.04511 0.00010 ( 1)  0.013  0.000
 573 T   0.95478 0.04511 0.00010 ( 1)  0.013  0.000
 574 D   0.95999 0.03993 0.00008 ( 1)  0.012  0.000
 575 A   0.94779 0.05205 0.00016 ( 1)  0.015  0.000
 576 V   0.92090 0.07850 0.00060 ( 1)  0.024  0.001
 577 R   0.93904 0.06091 0.00005 ( 1)  0.018  0.000
 578 D   0.95174 0.04815 0.00010 ( 1)  0.014  0.000
 579 P   0.92676 0.07303 0.00021 ( 1)  0.022  0.000
 580 Q   0.91111 0.08824 0.00065 ( 1)  0.027  0.001
 581 T   0.93501 0.06476 0.00022 ( 1)  0.019  0.000
 582 L   0.94924 0.05070 0.00006 ( 1)  0.015  0.000
 583 E   0.00036 0.94982 0.04982 ( 2)  0.443  0.050
 584 I   0.95159 0.04824 0.00017 ( 1)  0.014  0.000
 585 L   0.94924 0.05070 0.00006 ( 1)  0.015  0.000
 586 D   0.93009 0.06968 0.00024 ( 1)  0.021  0.000
 587 I   0.95706 0.04281 0.00012 ( 1)  0.013  0.000
 588 T   0.93192 0.06776 0.00032 ( 1)  0.020  0.000
 589 P   0.93354 0.06619 0.00026 ( 1)  0.020  0.000
 590 C   0.93612 0.06378 0.00010 ( 1)  0.019  0.000
 591 S   0.94905 0.05086 0.00009 ( 1)  0.015  0.000
 592 F   0.95573 0.04419 0.00007 ( 1)  0.013  0.000
 593 G   0.94342 0.05646 0.00012 ( 1)  0.017  0.000
 594 G   0.94342 0.05646 0.00012 ( 1)  0.017  0.000
 595 V   0.93539 0.06417 0.00045 ( 1)  0.020  0.000
 596 S   0.95573 0.04423 0.00004 ( 1)  0.013  0.000
 597 V   0.94343 0.05639 0.00018 ( 1)  0.017  0.000
 598 I   0.94050 0.05930 0.00020 ( 1)  0.018  0.000
 599 T   0.93501 0.06476 0.00022 ( 1)  0.019  0.000
 600 P   0.92926 0.07056 0.00018 ( 1)  0.021  0.000
 601 G   0.93654 0.06314 0.00032 ( 1)  0.019  0.000
 602 T   0.93501 0.06476 0.00022 ( 1)  0.019  0.000
 603 N   0.95229 0.04760 0.00011 ( 1)  0.014  0.000
 604 T   0.00041 0.94009 0.05950 ( 2)  0.474  0.060
 605 S   0.94905 0.05086 0.00009 ( 1)  0.015  0.000
 606 N   0.94318 0.05655 0.00027 ( 1)  0.017  0.000
 607 Q   0.91678 0.08256 0.00065 ( 1)  0.026  0.001
 608 V   0.94343 0.05639 0.00018 ( 1)  0.017  0.000
 609 A   0.95432 0.04559 0.00010 ( 1)  0.013  0.000
 610 V   0.94873 0.05110 0.00017 ( 1)  0.015  0.000
 611 L   0.94924 0.05070 0.00006 ( 1)  0.015  0.000
 612 Y   0.94056 0.05932 0.00012 ( 1)  0.017  0.000
 613 Q   0.91678 0.08256 0.00065 ( 1)  0.026  0.001
 614 D   0.00000 0.67654 0.32346 ( 2)  1.310  0.323
 615 V   0.95502 0.04485 0.00013 ( 1)  0.013  0.000
 616 N   0.93093 0.06883 0.00024 ( 1)  0.020  0.000
 617 C   0.92670 0.07292 0.00038 ( 1)  0.022  0.000
 618 T   0.94196 0.05775 0.00029 ( 1)  0.017  0.000
 619 E   0.94316 0.05674 0.00009 ( 1)  0.017  0.000
 620 V   0.92092 0.07834 0.00074 ( 1)  0.025  0.001
 621 P   0.94616 0.05379 0.00006 ( 1)  0.016  0.000
 622 V   0.00018 0.95584 0.04398 ( 2)  0.425  0.044
 623 A   0.94467 0.05522 0.00011 ( 1)  0.016  0.000
 624 I   0.95056 0.04925 0.00019 ( 1)  0.015  0.000
 625 H   0.95298 0.04697 0.00005 ( 1)  0.014  0.000
 626 A   0.93445 0.06533 0.00022 ( 1)  0.019  0.000
 627 D   0.00049 0.98350 0.01602 ( 2)  0.336  0.016
 628 Q   0.92755 0.07230 0.00015 ( 1)  0.021  0.000
 629 L   0.94924 0.05070 0.00006 ( 1)  0.015  0.000
 630 T   0.94820 0.05165 0.00015 ( 1)  0.015  0.000
 631 P   0.94094 0.05894 0.00012 ( 1)  0.017  0.000
 632 T   0.00048 0.98487 0.01465 ( 2)  0.332  0.015
 633 W   0.90601 0.09285 0.00114 ( 1)  0.030  0.001
 634 R   0.93904 0.06091 0.00005 ( 1)  0.018  0.000
 635 V   0.95502 0.04485 0.00013 ( 1)  0.013  0.000
 636 Y   0.92523 0.07443 0.00034 ( 1)  0.022  0.000
 637 S   0.94298 0.05686 0.00016 ( 1)  0.017  0.000
 638 T   0.00039 0.97346 0.02615 ( 2)  0.368  0.026
 639 G   0.94342 0.05646 0.00012 ( 1)  0.017  0.000
 640 S   0.00042 0.96984 0.02975 ( 2)  0.379  0.030
 641 N   0.96028 0.03963 0.00009 ( 1)  0.012  0.000
 642 V   0.94343 0.05639 0.00018 ( 1)  0.017  0.000
 643 F   0.95573 0.04419 0.00007 ( 1)  0.013  0.000
 644 Q   0.92755 0.07230 0.00015 ( 1)  0.021  0.000
 645 T   0.93501 0.06476 0.00022 ( 1)  0.019  0.000
 646 R   0.91064 0.08530 0.00406 ( 1)  0.038  0.004
 647 A   0.93445 0.06533 0.00022 ( 1)  0.019  0.000
 648 G   0.92190 0.07780 0.00030 ( 1)  0.023  0.000
 649 C   0.94612 0.05384 0.00005 ( 1)  0.016  0.000
 650 L   0.92794 0.07183 0.00023 ( 1)  0.021  0.000
 651 I   0.00042 0.97749 0.02209 ( 2)  0.355  0.022
 652 G   0.92487 0.07433 0.00080 ( 1)  0.024  0.001
 653 A   0.95432 0.04559 0.00010 ( 1)  0.013  0.000
 654 E   0.93673 0.06312 0.00015 ( 1)  0.019  0.000
 655 H   0.95298 0.04697 0.00005 ( 1)  0.014  0.000
 656 V   0.92090 0.07850 0.00060 ( 1)  0.024  0.001
 657 N   0.93804 0.06174 0.00021 ( 1)  0.018  0.000
 658 N   0.94318 0.05655 0.00027 ( 1)  0.017  0.000
 659 S   0.92809 0.07127 0.00064 ( 1)  0.023  0.001
 660 Y   0.94994 0.04996 0.00010 ( 1)  0.015  0.000
 661 E   0.93111 0.06859 0.00030 ( 1)  0.021  0.000
 662 C   0.94612 0.05384 0.00005 ( 1)  0.016  0.000
 663 D   0.93009 0.06968 0.00024 ( 1)  0.021  0.000
 664 I   0.94617 0.05355 0.00028 ( 1)  0.016  0.000
 665 P   0.92853 0.07117 0.00031 ( 1)  0.021  0.000
 666 I   0.00051 0.98476 0.01474 ( 2)  0.332  0.015
 667 G   0.95108 0.04887 0.00005 ( 1)  0.014  0.000
 668 A   0.94140 0.05833 0.00028 ( 1)  0.018  0.000
 669 G   0.93400 0.06578 0.00022 ( 1)  0.020  0.000
 670 I   0.94050 0.05930 0.00020 ( 1)  0.018  0.000
 671 C   0.92670 0.07292 0.00038 ( 1)  0.022  0.000
 672 A   0.93864 0.06111 0.00024 ( 1)  0.018  0.000
 673 S   0.95573 0.04423 0.00004 ( 1)  0.013  0.000
 674 Y   0.94056 0.05932 0.00012 ( 1)  0.017  0.000
 675 Q   0.00035 0.96006 0.03959 ( 2)  0.411  0.040
 676 T   0.00043 0.97521 0.02436 ( 2)  0.362  0.024
 677 Q   0.00000 0.04857 0.95143 ( 3)  3.299  0.951
 678 T   0.00043 0.97060 0.02898 ( 2)  0.377  0.029
 679 N   0.87335 0.11204 0.01462 ( 1)  0.082  0.015
 680 S   0.87335 0.11204 0.01462 ( 1)  0.082  0.015
 681 P   0.87335 0.11204 0.01462 ( 1)  0.082  0.015
 682 R   0.87335 0.11204 0.01462 ( 1)  0.082  0.015
 683 R   0.87335 0.11204 0.01462 ( 1)  0.082  0.015
 684 A   0.87335 0.11204 0.01462 ( 1)  0.082  0.015
 685 R   0.93904 0.06091 0.00005 ( 1)  0.018  0.000
 686 S   0.95573 0.04423 0.00004 ( 1)  0.013  0.000
 687 V   0.92669 0.07273 0.00058 ( 1)  0.023  0.001
 688 A   0.00000 0.76908 0.23092 ( 2)  1.017  0.231
 689 S   0.00000 0.56727 0.43273 ( 2)  1.656  0.433
 690 Q   0.00016 0.90480 0.09504 ( 2)  0.586  0.095
 691 S   0.92882 0.07081 0.00038 ( 1)  0.022  0.000
 692 I   0.93254 0.06715 0.00031 ( 1)  0.020  0.000
 693 I   0.95706 0.04281 0.00012 ( 1)  0.013  0.000
 694 A   0.93413 0.06546 0.00040 ( 1)  0.020  0.000
 695 Y   0.91618 0.08317 0.00065 ( 1)  0.026  0.001
 696 T   0.95478 0.04511 0.00010 ( 1)  0.013  0.000
 697 M   0.93984 0.06013 0.00004 ( 1)  0.017  0.000
 698 S   0.93155 0.06799 0.00046 ( 1)  0.021  0.000
 699 L   0.92292 0.07583 0.00125 ( 1)  0.026  0.001
 700 G   0.95108 0.04887 0.00005 ( 1)  0.014  0.000
 701 A   0.00039 0.96019 0.03942 ( 2)  0.410  0.039
 702 E   0.94316 0.05674 0.00009 ( 1)  0.017  0.000
 703 N   0.96028 0.03963 0.00009 ( 1)  0.012  0.000
 704 S   0.92085 0.07869 0.00046 ( 1)  0.024  0.000
 705 V   0.95502 0.04485 0.00013 ( 1)  0.013  0.000
 706 A   0.95432 0.04559 0.00010 ( 1)  0.013  0.000
 707 Y   0.94207 0.05773 0.00020 ( 1)  0.017  0.000
 708 S   0.94905 0.05086 0.00009 ( 1)  0.015  0.000
 709 N   0.96028 0.03963 0.00009 ( 1)  0.012  0.000
 710 N   0.94318 0.05655 0.00027 ( 1)  0.017  0.000
 711 S   0.94007 0.05978 0.00015 ( 1)  0.018  0.000
 712 I   0.95706 0.04281 0.00012 ( 1)  0.013  0.000
 713 A   0.91937 0.08008 0.00054 ( 1)  0.025  0.001
 714 I   0.94050 0.05930 0.00020 ( 1)  0.018  0.000
 715 P   0.93949 0.06037 0.00014 ( 1)  0.018  0.000
 716 T   0.00043 0.94210 0.05746 ( 2)  0.467  0.057
 717 N   0.96028 0.03963 0.00009 ( 1)  0.012  0.000
 718 F   0.95573 0.04419 0.00007 ( 1)  0.013  0.000
 719 T   0.94820 0.05165 0.00015 ( 1)  0.015  0.000
 720 I   0.95159 0.04824 0.00017 ( 1)  0.014  0.000
 721 S   0.95573 0.04423 0.00004 ( 1)  0.013  0.000
 722 V   0.94754 0.05219 0.00027 ( 1)  0.016  0.000
 723 T   0.91999 0.07946 0.00054 ( 1)  0.025  0.001
 724 T   0.93842 0.06137 0.00021 ( 1)  0.018  0.000
 725 E   0.94316 0.05674 0.00009 ( 1)  0.017  0.000
 726 I   0.95706 0.04281 0.00012 ( 1)  0.013  0.000
 727 L   0.91859 0.08090 0.00051 ( 1)  0.025  0.001
 728 P   0.92926 0.07056 0.00018 ( 1)  0.021  0.000
 729 V   0.90936 0.08947 0.00117 ( 1)  0.030  0.001
 730 S   0.94007 0.05978 0.00015 ( 1)  0.018  0.000
 731 M   0.93984 0.06013 0.00004 ( 1)  0.017  0.000
 732 T   0.93908 0.06057 0.00035 ( 1)  0.018  0.000
 733 K   0.92561 0.07422 0.00017 ( 1)  0.022  0.000
 734 T   0.94196 0.05775 0.00029 ( 1)  0.017  0.000
 735 S   0.92809 0.07127 0.00064 ( 1)  0.023  0.001
 736 V   0.93558 0.06416 0.00026 ( 1)  0.019  0.000
 737 D   0.95402 0.04582 0.00016 ( 1)  0.014  0.000
 738 C   0.94612 0.05384 0.00005 ( 1)  0.016  0.000
 739 T   0.94196 0.05775 0.00029 ( 1)  0.017  0.000
 740 M   0.93984 0.06013 0.00004 ( 1)  0.017  0.000
 741 Y   0.92343 0.07618 0.00039 ( 1)  0.023  0.000
 742 I   0.94845 0.05142 0.00013 ( 1)  0.015  0.000
 743 C   0.94612 0.05384 0.00005 ( 1)  0.016  0.000
 744 G   0.94342 0.05646 0.00012 ( 1)  0.017  0.000
 745 D   0.95999 0.03993 0.00008 ( 1)  0.012  0.000
 746 S   0.92085 0.07869 0.00046 ( 1)  0.024  0.000
 747 T   0.00058 0.98865 0.01077 ( 2)  0.319  0.011
 748 E   0.92818 0.07160 0.00021 ( 1)  0.021  0.000
 749 C   0.92670 0.07292 0.00038 ( 1)  0.022  0.000
 750 S   0.93621 0.06354 0.00025 ( 1)  0.019  0.000
 751 N   0.95433 0.04550 0.00017 ( 1)  0.014  0.000
 752 L   0.92292 0.07583 0.00125 ( 1)  0.026  0.001
 753 L   0.91557 0.08400 0.00044 ( 1)  0.025  0.000
 754 L   0.91587 0.08261 0.00152 ( 1)  0.029  0.002
 755 Q   0.92755 0.07230 0.00015 ( 1)  0.021  0.000
 756 Y   0.94994 0.04996 0.00010 ( 1)  0.015  0.000
 757 G   0.92190 0.07780 0.00030 ( 1)  0.023  0.000
 758 S   0.95573 0.04423 0.00004 ( 1)  0.013  0.000
 759 F   0.95573 0.04419 0.00007 ( 1)  0.013  0.000
 760 C   0.91937 0.08026 0.00037 ( 1)  0.024  0.000
 761 T   0.93501 0.06476 0.00022 ( 1)  0.019  0.000
 762 Q   0.92755 0.07230 0.00015 ( 1)  0.021  0.000
 763 L   0.92794 0.07183 0.00023 ( 1)  0.021  0.000
 764 N   0.93804 0.06174 0.00021 ( 1)  0.018  0.000
 765 R   0.93904 0.06091 0.00005 ( 1)  0.018  0.000
 766 A   0.95432 0.04559 0.00010 ( 1)  0.013  0.000
 767 L   0.92312 0.07647 0.00040 ( 1)  0.023  0.000
 768 T   0.95478 0.04511 0.00010 ( 1)  0.013  0.000
 769 G   0.92147 0.07818 0.00035 ( 1)  0.024  0.000
 770 I   0.94617 0.05355 0.00028 ( 1)  0.016  0.000
 771 A   0.95432 0.04559 0.00010 ( 1)  0.013  0.000
 772 V   0.95502 0.04485 0.00013 ( 1)  0.013  0.000
 773 E   0.94316 0.05674 0.00009 ( 1)  0.017  0.000
 774 Q   0.92489 0.07482 0.00029 ( 1)  0.022  0.000
 775 D   0.93009 0.06968 0.00024 ( 1)  0.021  0.000
 776 K   0.94401 0.05590 0.00009 ( 1)  0.016  0.000
 777 N   0.93804 0.06174 0.00021 ( 1)  0.018  0.000
 778 T   0.93739 0.06230 0.00030 ( 1)  0.019  0.000
 779 Q   0.92755 0.07230 0.00015 ( 1)  0.021  0.000
 780 E   0.94316 0.05674 0.00009 ( 1)  0.017  0.000
 781 V   0.95502 0.04485 0.00013 ( 1)  0.013  0.000
 782 F   0.95573 0.04419 0.00007 ( 1)  0.013  0.000
 783 A   0.93737 0.06241 0.00022 ( 1)  0.019  0.000
 784 Q   0.92161 0.07805 0.00034 ( 1)  0.023  0.000
 785 V   0.94655 0.05322 0.00024 ( 1)  0.016  0.000
 786 K   0.94401 0.05590 0.00009 ( 1)  0.016  0.000
 787 Q   0.92755 0.07230 0.00015 ( 1)  0.021  0.000
 788 I   0.94845 0.05142 0.00013 ( 1)  0.015  0.000
 789 Y   0.92343 0.07618 0.00039 ( 1)  0.023  0.000
 790 K   0.94027 0.05953 0.00020 ( 1)  0.018  0.000
 791 T   0.93501 0.06476 0.00022 ( 1)  0.019  0.000
 792 P   0.92676 0.07303 0.00021 ( 1)  0.022  0.000
 793 P   0.93354 0.06619 0.00026 ( 1)  0.020  0.000
 794 I   0.95706 0.04281 0.00012 ( 1)  0.013  0.000
 795 K   0.94401 0.05590 0.00009 ( 1)  0.016  0.000
 796 D   0.95999 0.03993 0.00008 ( 1)  0.012  0.000
 797 F   0.95573 0.04419 0.00007 ( 1)  0.013  0.000
 798 G   0.95108 0.04887 0.00005 ( 1)  0.014  0.000
 799 G   0.94070 0.05922 0.00008 ( 1)  0.017  0.000
 800 F   0.94996 0.04989 0.00015 ( 1)  0.015  0.000
 801 N   0.95229 0.04760 0.00011 ( 1)  0.014  0.000
 802 F   0.95573 0.04419 0.00007 ( 1)  0.013  0.000
 803 S   0.92085 0.07869 0.00046 ( 1)  0.024  0.000
 804 Q   0.92755 0.07230 0.00015 ( 1)  0.021  0.000
 805 I   0.94050 0.05930 0.00020 ( 1)  0.018  0.000
 806 L   0.92312 0.07647 0.00040 ( 1)  0.023  0.000
 807 P   0.92676 0.07303 0.00021 ( 1)  0.022  0.000
 808 D   0.95999 0.03993 0.00008 ( 1)  0.012  0.000
 809 P   0.92676 0.07303 0.00021 ( 1)  0.022  0.000
 810 S   0.92085 0.07869 0.00046 ( 1)  0.024  0.000
 811 K   0.94401 0.05590 0.00009 ( 1)  0.016  0.000
 812 P   0.92676 0.07303 0.00021 ( 1)  0.022  0.000
 813 S   0.92264 0.07713 0.00023 ( 1)  0.023  0.000
 814 K   0.92561 0.07422 0.00017 ( 1)  0.022  0.000
 815 R   0.91634 0.08331 0.00035 ( 1)  0.025  0.000
 816 S   0.92085 0.07869 0.00046 ( 1)  0.024  0.000
 817 F   0.95573 0.04419 0.00007 ( 1)  0.013  0.000
 818 I   0.95706 0.04281 0.00012 ( 1)  0.013  0.000
 819 E   0.92818 0.07160 0.00021 ( 1)  0.021  0.000
 820 D   0.95999 0.03993 0.00008 ( 1)  0.012  0.000
 821 L   0.92545 0.07397 0.00058 ( 1)  0.023  0.001
 822 L   0.93905 0.06086 0.00010 ( 1)  0.018  0.000
 823 F   0.92506 0.07466 0.00029 ( 1)  0.022  0.000
 824 N   0.93804 0.06174 0.00021 ( 1)  0.018  0.000
 825 K   0.94401 0.05590 0.00009 ( 1)  0.016  0.000
 826 V   0.90936 0.08947 0.00117 ( 1)  0.030  0.001
 827 T   0.93501 0.06476 0.00022 ( 1)  0.019  0.000
 828 L   0.94924 0.05070 0.00006 ( 1)  0.015  0.000
 829 A   0.94942 0.05041 0.00017 ( 1)  0.015  0.000
 830 D   0.95999 0.03993 0.00008 ( 1)  0.012  0.000
 831 A   0.95432 0.04559 0.00010 ( 1)  0.013  0.000
 832 G   0.91596 0.08356 0.00049 ( 1)  0.026  0.000
 833 F   0.92506 0.07466 0.00029 ( 1)  0.022  0.000
 834 I   0.92434 0.07519 0.00047 ( 1)  0.023  0.000
 835 K   0.94401 0.05590 0.00009 ( 1)  0.016  0.000
 836 Q   0.92755 0.07230 0.00015 ( 1)  0.021  0.000
 837 Y   0.94994 0.04996 0.00010 ( 1)  0.015  0.000
 838 G   0.95108 0.04887 0.00005 ( 1)  0.014  0.000
 839 D   0.95999 0.03993 0.00008 ( 1)  0.012  0.000
 840 C   0.91335 0.08606 0.00060 ( 1)  0.027  0.001
 841 L   0.94924 0.05070 0.00006 ( 1)  0.015  0.000
 842 G   0.95108 0.04887 0.00005 ( 1)  0.014  0.000
 843 D   0.95999 0.03993 0.00008 ( 1)  0.012  0.000
 844 I   0.95706 0.04281 0.00012 ( 1)  0.013  0.000
 845 A   0.95432 0.04559 0.00010 ( 1)  0.013  0.000
 846 A   0.95432 0.04559 0.00010 ( 1)  0.013  0.000
 847 R   0.93239 0.06744 0.00017 ( 1)  0.020  0.000
 848 D   0.95248 0.04733 0.00019 ( 1)  0.014  0.000
 849 L   0.92079 0.07885 0.00036 ( 1)  0.024  0.000
 850 I   0.94845 0.05142 0.00013 ( 1)  0.015  0.000
 851 C   0.94612 0.05384 0.00005 ( 1)  0.016  0.000
 852 A   0.93777 0.06203 0.00020 ( 1)  0.018  0.000
 853 Q   0.92755 0.07230 0.00015 ( 1)  0.021  0.000
 854 K   0.92561 0.07422 0.00017 ( 1)  0.022  0.000
 855 F   0.93285 0.06694 0.00021 ( 1)  0.020  0.000
 856 N   0.95281 0.04699 0.00020 ( 1)  0.014  0.000
 857 G   0.92164 0.07774 0.00062 ( 1)  0.024  0.001
 858 L   0.93905 0.06086 0.00010 ( 1)  0.018  0.000
 859 T   0.94274 0.05710 0.00016 ( 1)  0.017  0.000
 860 V   0.95502 0.04485 0.00013 ( 1)  0.013  0.000
 861 L   0.90966 0.08852 0.00182 ( 1)  0.032  0.002
 862 P   0.91959 0.08000 0.00041 ( 1)  0.024  0.000
 863 P   0.94616 0.05379 0.00006 ( 1)  0.016  0.000
 864 L   0.91557 0.08400 0.00044 ( 1)  0.025  0.000
 865 L   0.91484 0.08458 0.00058 ( 1)  0.026  0.001
 866 T   0.93501 0.06476 0.00022 ( 1)  0.019  0.000
 867 D   0.95999 0.03993 0.00008 ( 1)  0.012  0.000
 868 E   0.94316 0.05674 0.00009 ( 1)  0.017  0.000
 869 M   0.93984 0.06013 0.00004 ( 1)  0.017  0.000
 870 I   0.95056 0.04925 0.00019 ( 1)  0.015  0.000
 871 A   0.95432 0.04559 0.00010 ( 1)  0.013  0.000
 872 Q   0.92755 0.07230 0.00015 ( 1)  0.021  0.000
 873 Y   0.91618 0.08317 0.00065 ( 1)  0.026  0.001
 874 T   0.95478 0.04511 0.00010 ( 1)  0.013  0.000
 875 S   0.94905 0.05086 0.00009 ( 1)  0.015  0.000
 876 A   0.93445 0.06533 0.00022 ( 1)  0.019  0.000
 877 L   0.91483 0.08432 0.00085 ( 1)  0.027  0.001
 878 L   0.91366 0.08339 0.00294 ( 1)  0.034  0.003
 879 A   0.00038 0.91893 0.08069 ( 2)  0.541  0.081
 880 G   0.94342 0.05646 0.00012 ( 1)  0.017  0.000
 881 T   0.93501 0.06476 0.00022 ( 1)  0.019  0.000
 882 I   0.92434 0.07519 0.00047 ( 1)  0.023  0.000
 883 T   0.94530 0.05458 0.00012 ( 1)  0.016  0.000
 884 S   0.94007 0.05978 0.00015 ( 1)  0.018  0.000
 885 G   0.95108 0.04887 0.00005 ( 1)  0.014  0.000
 886 W   0.90601 0.09285 0.00114 ( 1)  0.030  0.001
 887 T   0.92786 0.07182 0.00033 ( 1)  0.022  0.000
 888 F   0.95573 0.04419 0.00007 ( 1)  0.013  0.000
 889 G   0.95108 0.04887 0.00005 ( 1)  0.014  0.000
 890 A   0.93445 0.06533 0.00022 ( 1)  0.019  0.000
 891 G   0.94342 0.05646 0.00012 ( 1)  0.017  0.000
 892 A   0.95432 0.04559 0.00010 ( 1)  0.013  0.000
 893 A   0.94942 0.05041 0.00017 ( 1)  0.015  0.000
 894 L   0.92794 0.07183 0.00023 ( 1)  0.021  0.000
 895 Q   0.92755 0.07230 0.00015 ( 1)  0.021  0.000
 896 I   0.94050 0.05930 0.00020 ( 1)  0.018  0.000
 897 P   0.92298 0.07667 0.00035 ( 1)  0.023  0.000
 898 F   0.95573 0.04419 0.00007 ( 1)  0.013  0.000
 899 A   0.93864 0.06111 0.00024 ( 1)  0.018  0.000
 900 M   0.93984 0.06013 0.00004 ( 1)  0.017  0.000
 901 Q   0.92755 0.07230 0.00015 ( 1)  0.021  0.000
 902 M   0.93984 0.06013 0.00004 ( 1)  0.017  0.000
 903 A   0.95432 0.04559 0.00010 ( 1)  0.013  0.000
 904 Y   0.94056 0.05932 0.00012 ( 1)  0.017  0.000
 905 R   0.91634 0.08331 0.00035 ( 1)  0.025  0.000
 906 F   0.95573 0.04419 0.00007 ( 1)  0.013  0.000
 907 N   0.96028 0.03963 0.00009 ( 1)  0.012  0.000
 908 G   0.94070 0.05922 0.00008 ( 1)  0.017  0.000
 909 I   0.95706 0.04281 0.00012 ( 1)  0.013  0.000
 910 G   0.92817 0.07165 0.00017 ( 1)  0.021  0.000
 911 V   0.94599 0.05387 0.00014 ( 1)  0.016  0.000
 912 T   0.94196 0.05775 0.00029 ( 1)  0.017  0.000
 913 Q   0.91111 0.08824 0.00065 ( 1)  0.027  0.001
 914 N   0.96028 0.03963 0.00009 ( 1)  0.012  0.000
 915 V   0.95502 0.04485 0.00013 ( 1)  0.013  0.000
 916 L   0.91744 0.08182 0.00074 ( 1)  0.026  0.001
 917 Y   0.94994 0.04996 0.00010 ( 1)  0.015  0.000
 918 E   0.92448 0.07532 0.00019 ( 1)  0.022  0.000
 919 N   0.94318 0.05655 0.00027 ( 1)  0.017  0.000
 920 Q   0.92161 0.07805 0.00034 ( 1)  0.023  0.000
 921 K   0.94401 0.05590 0.00009 ( 1)  0.016  0.000
 922 L   0.91933 0.08004 0.00063 ( 1)  0.025  0.001
 923 I   0.95706 0.04281 0.00012 ( 1)  0.013  0.000
 924 A   0.91937 0.08008 0.00054 ( 1)  0.025  0.001
 925 N   0.94318 0.05655 0.00027 ( 1)  0.017  0.000
 926 Q   0.91351 0.08589 0.00060 ( 1)  0.027  0.001
 927 F   0.94687 0.05304 0.00010 ( 1)  0.015  0.000
 928 N   0.95229 0.04760 0.00011 ( 1)  0.014  0.000
 929 S   0.95573 0.04423 0.00004 ( 1)  0.013  0.000
 930 A   0.95432 0.04559 0.00010 ( 1)  0.013  0.000
 931 I   0.95706 0.04281 0.00012 ( 1)  0.013  0.000
 932 G   0.91596 0.08356 0.00049 ( 1)  0.026  0.000
 933 K   0.94401 0.05590 0.00009 ( 1)  0.016  0.000
 934 I   0.95159 0.04824 0.00017 ( 1)  0.014  0.000
 935 Q   0.92161 0.07805 0.00034 ( 1)  0.023  0.000
 936 D   0.94256 0.05717 0.00027 ( 1)  0.017  0.000
 937 S   0.92085 0.07869 0.00046 ( 1)  0.024  0.000
 938 L   0.94924 0.05070 0.00006 ( 1)  0.015  0.000
 939 S   0.94007 0.05978 0.00015 ( 1)  0.018  0.000
 940 S   0.94134 0.05846 0.00019 ( 1)  0.017  0.000
 941 T   0.92780 0.07187 0.00033 ( 1)  0.022  0.000
 942 A   0.94140 0.05833 0.00028 ( 1)  0.018  0.000
 943 S   0.95573 0.04423 0.00004 ( 1)  0.013  0.000
 944 A   0.93445 0.06533 0.00022 ( 1)  0.019  0.000
 945 L   0.94924 0.05070 0.00006 ( 1)  0.015  0.000
 946 G   0.93654 0.06314 0.00032 ( 1)  0.019  0.000
 947 K   0.94401 0.05590 0.00009 ( 1)  0.016  0.000
 948 L   0.94924 0.05070 0.00006 ( 1)  0.015  0.000
 949 Q   0.92755 0.07230 0.00015 ( 1)  0.021  0.000
 950 D   0.95174 0.04815 0.00010 ( 1)  0.014  0.000
 951 V   0.93288 0.06667 0.00045 ( 1)  0.021  0.000
 952 V   0.92818 0.07123 0.00059 ( 1)  0.022  0.001
 953 N   0.94318 0.05655 0.00027 ( 1)  0.017  0.000
 954 Q   0.92755 0.07230 0.00015 ( 1)  0.021  0.000
 955 N   0.96028 0.03963 0.00009 ( 1)  0.012  0.000
 956 A   0.93445 0.06533 0.00022 ( 1)  0.019  0.000
 957 Q   0.92161 0.07805 0.00034 ( 1)  0.023  0.000
 958 A   0.95432 0.04559 0.00010 ( 1)  0.013  0.000
 959 L   0.92794 0.07183 0.00023 ( 1)  0.021  0.000
 960 N   0.93093 0.06883 0.00024 ( 1)  0.020  0.000
 961 T   0.92006 0.07911 0.00084 ( 1)  0.025  0.001
 962 L   0.94924 0.05070 0.00006 ( 1)  0.015  0.000
 963 V   0.94599 0.05387 0.00014 ( 1)  0.016  0.000
 964 K   0.94401 0.05590 0.00009 ( 1)  0.016  0.000
 965 Q   0.92755 0.07230 0.00015 ( 1)  0.021  0.000
 966 L   0.94924 0.05070 0.00006 ( 1)  0.015  0.000
 967 S   0.93621 0.06354 0.00025 ( 1)  0.019  0.000
 968 S   0.91517 0.08417 0.00066 ( 1)  0.026  0.001
 969 N   0.96028 0.03963 0.00009 ( 1)  0.012  0.000
 970 F   0.95573 0.04419 0.00007 ( 1)  0.013  0.000
 971 G   0.93215 0.06768 0.00017 ( 1)  0.020  0.000
 972 A   0.94942 0.05041 0.00017 ( 1)  0.015  0.000
 973 I   0.95706 0.04281 0.00012 ( 1)  0.013  0.000
 974 S   0.92221 0.07726 0.00052 ( 1)  0.024  0.001
 975 S   0.95029 0.04961 0.00009 ( 1)  0.014  0.000
 976 V   0.91994 0.07948 0.00058 ( 1)  0.025  0.001
 977 L   0.91366 0.08339 0.00294 ( 1)  0.034  0.003
 978 N   0.96028 0.03963 0.00009 ( 1)  0.012  0.000
 979 D   0.95999 0.03993 0.00008 ( 1)  0.012  0.000
 980 I   0.93825 0.06136 0.00039 ( 1)  0.019  0.000
 981 L   0.94924 0.05070 0.00006 ( 1)  0.015  0.000
 982 S   0.00031 0.93324 0.06645 ( 2)  0.496  0.066
 983 R   0.93904 0.06091 0.00005 ( 1)  0.018  0.000
 984 L   0.94350 0.05637 0.00013 ( 1)  0.017  0.000
 985 D   0.93009 0.06968 0.00024 ( 1)  0.021  0.000
 986 K   0.94401 0.05590 0.00009 ( 1)  0.016  0.000
 987 V   0.95502 0.04485 0.00013 ( 1)  0.013  0.000
 988 E   0.92448 0.07532 0.00019 ( 1)  0.022  0.000
 989 A   0.95432 0.04559 0.00010 ( 1)  0.013  0.000
 990 E   0.94316 0.05674 0.00009 ( 1)  0.017  0.000
 991 V   0.90936 0.08947 0.00117 ( 1)  0.030  0.001
 992 Q   0.92489 0.07482 0.00029 ( 1)  0.022  0.000
 993 I   0.95706 0.04281 0.00012 ( 1)  0.013  0.000
 994 D   0.95402 0.04582 0.00016 ( 1)  0.014  0.000
 995 R   0.91634 0.08331 0.00035 ( 1)  0.025  0.000
 996 L   0.91933 0.08004 0.00063 ( 1)  0.025  0.001
 997 I   0.92434 0.07519 0.00047 ( 1)  0.023  0.000
 998 T   0.93501 0.06476 0.00022 ( 1)  0.019  0.000
 999 G   0.92164 0.07774 0.00062 ( 1)  0.024  0.001
1000 R   0.93536 0.06456 0.00008 ( 1)  0.019  0.000
1001 L   0.93966 0.06020 0.00014 ( 1)  0.018  0.000
1002 Q   0.92161 0.07805 0.00034 ( 1)  0.023  0.000
1003 S   0.95029 0.04961 0.00009 ( 1)  0.014  0.000
1004 L   0.88417 0.10619 0.00964 ( 1)  0.064  0.010
1005 Q   0.91678 0.08256 0.00065 ( 1)  0.026  0.001
1006 T   0.94196 0.05775 0.00029 ( 1)  0.017  0.000
1007 Y   0.94994 0.04996 0.00010 ( 1)  0.015  0.000
1008 V   0.90936 0.08947 0.00117 ( 1)  0.030  0.001
1009 T   0.94820 0.05165 0.00015 ( 1)  0.015  0.000
1010 Q   0.92755 0.07230 0.00015 ( 1)  0.021  0.000
1011 Q   0.92755 0.07230 0.00015 ( 1)  0.021  0.000
1012 L   0.92794 0.07183 0.00023 ( 1)  0.021  0.000
1013 I   0.94845 0.05142 0.00013 ( 1)  0.015  0.000
1014 R   0.93536 0.06456 0.00008 ( 1)  0.019  0.000
1015 A   0.94762 0.05225 0.00014 ( 1)  0.015  0.000
1016 A   0.93445 0.06533 0.00022 ( 1)  0.019  0.000
1017 E   0.94316 0.05674 0.00009 ( 1)  0.017  0.000
1018 I   0.92434 0.07519 0.00047 ( 1)  0.023  0.000
1019 R   0.93536 0.06456 0.00008 ( 1)  0.019  0.000
1020 A   0.95432 0.04559 0.00010 ( 1)  0.013  0.000
1021 S   0.94905 0.05086 0.00009 ( 1)  0.015  0.000
1022 A   0.94779 0.05205 0.00016 ( 1)  0.015  0.000
1023 N   0.96028 0.03963 0.00009 ( 1)  0.012  0.000
1024 L   0.94924 0.05070 0.00006 ( 1)  0.015  0.000
1025 A   0.95432 0.04559 0.00010 ( 1)  0.013  0.000
1026 A   0.94762 0.05225 0.00014 ( 1)  0.015  0.000
1027 T   0.94820 0.05165 0.00015 ( 1)  0.015  0.000
1028 K   0.94401 0.05590 0.00009 ( 1)  0.016  0.000
1029 M   0.93984 0.06013 0.00004 ( 1)  0.017  0.000
1030 S   0.93155 0.06799 0.00046 ( 1)  0.021  0.000
1031 E   0.92448 0.07532 0.00019 ( 1)  0.022  0.000
1032 C   0.93612 0.06378 0.00010 ( 1)  0.019  0.000
1033 V   0.93558 0.06416 0.00026 ( 1)  0.019  0.000
1034 L   0.92223 0.07745 0.00032 ( 1)  0.023  0.000
1035 G   0.92817 0.07165 0.00017 ( 1)  0.021  0.000
1036 Q   0.92755 0.07230 0.00015 ( 1)  0.021  0.000
1037 S   0.93155 0.06799 0.00046 ( 1)  0.021  0.000
1038 K   0.94401 0.05590 0.00009 ( 1)  0.016  0.000
1039 R   0.93536 0.06456 0.00008 ( 1)  0.019  0.000
1040 V   0.95502 0.04485 0.00013 ( 1)  0.013  0.000
1041 D   0.95999 0.03993 0.00008 ( 1)  0.012  0.000
1042 F   0.95573 0.04419 0.00007 ( 1)  0.013  0.000
1043 C   0.94612 0.05384 0.00005 ( 1)  0.016  0.000
1044 G   0.92817 0.07165 0.00017 ( 1)  0.021  0.000
1045 K   0.93930 0.06047 0.00023 ( 1)  0.018  0.000
1046 G   0.91596 0.08356 0.00049 ( 1)  0.026  0.000
1047 Y   0.94056 0.05932 0.00012 ( 1)  0.017  0.000
1048 H   0.95298 0.04697 0.00005 ( 1)  0.014  0.000
1049 L   0.92292 0.07583 0.00125 ( 1)  0.026  0.001
1050 M   0.93984 0.06013 0.00004 ( 1)  0.017  0.000
1051 S   0.94134 0.05846 0.00019 ( 1)  0.017  0.000
1052 F   0.92506 0.07466 0.00029 ( 1)  0.022  0.000
1053 P   0.94616 0.05379 0.00006 ( 1)  0.016  0.000
1054 Q   0.91678 0.08256 0.00065 ( 1)  0.026  0.001
1055 S   0.92085 0.07869 0.00046 ( 1)  0.024  0.000
1056 A   0.93445 0.06533 0.00022 ( 1)  0.019  0.000
1057 P   0.93363 0.06624 0.00013 ( 1)  0.019  0.000
1058 H   0.95298 0.04697 0.00005 ( 1)  0.014  0.000
1059 G   0.95108 0.04887 0.00005 ( 1)  0.014  0.000
1060 V   0.94247 0.05721 0.00032 ( 1)  0.017  0.000
1061 V   0.93539 0.06417 0.00045 ( 1)  0.020  0.000
1062 F   0.92506 0.07466 0.00029 ( 1)  0.022  0.000
1063 L   0.91557 0.08400 0.00044 ( 1)  0.025  0.000
1064 H   0.95298 0.04697 0.00005 ( 1)  0.014  0.000
1065 V   0.92946 0.06969 0.00085 ( 1)  0.023  0.001
1066 T   0.95082 0.04902 0.00017 ( 1)  0.015  0.000
1067 Y   0.94994 0.04996 0.00010 ( 1)  0.015  0.000
1068 V   0.92818 0.07123 0.00059 ( 1)  0.022  0.001
1069 P   0.94616 0.05379 0.00006 ( 1)  0.016  0.000
1070 A   0.93445 0.06533 0.00022 ( 1)  0.019  0.000
1071 Q   0.92755 0.07230 0.00015 ( 1)  0.021  0.000
1072 E   0.94316 0.05674 0.00009 ( 1)  0.017  0.000
1073 K   0.92561 0.07422 0.00017 ( 1)  0.022  0.000
1074 N   0.93093 0.06883 0.00024 ( 1)  0.020  0.000
1075 F   0.93774 0.06197 0.00029 ( 1)  0.019  0.000
1076 T   0.94196 0.05775 0.00029 ( 1)  0.017  0.000
1077 T   0.95478 0.04511 0.00010 ( 1)  0.013  0.000
1078 A   0.95432 0.04559 0.00010 ( 1)  0.013  0.000
1079 P   0.94616 0.05379 0.00006 ( 1)  0.016  0.000
1080 A   0.93413 0.06546 0.00040 ( 1)  0.020  0.000
1081 I   0.95706 0.04281 0.00012 ( 1)  0.013  0.000
1082 C   0.94612 0.05384 0.00005 ( 1)  0.016  0.000
1083 H   0.95298 0.04697 0.00005 ( 1)  0.014  0.000
1084 D   0.00058 0.99035 0.00907 ( 2)  0.314  0.009
1085 G   0.92817 0.07165 0.00017 ( 1)  0.021  0.000
1086 K   0.94401 0.05590 0.00009 ( 1)  0.016  0.000
1087 A   0.93445 0.06533 0.00022 ( 1)  0.019  0.000
1088 H   0.92112 0.07859 0.00030 ( 1)  0.023  0.000
1089 F   0.94687 0.05304 0.00010 ( 1)  0.015  0.000
1090 P   0.94334 0.05656 0.00010 ( 1)  0.016  0.000
1091 R   0.93904 0.06091 0.00005 ( 1)  0.018  0.000
1092 E   0.94316 0.05674 0.00009 ( 1)  0.017  0.000
1093 G   0.95108 0.04887 0.00005 ( 1)  0.014  0.000
1094 V   0.92930 0.07035 0.00036 ( 1)  0.021  0.000
1095 F   0.93285 0.06694 0.00021 ( 1)  0.020  0.000
1096 V   0.95502 0.04485 0.00013 ( 1)  0.013  0.000
1097 S   0.92085 0.07869 0.00046 ( 1)  0.024  0.000
1098 N   0.96028 0.03963 0.00009 ( 1)  0.012  0.000
1099 G   0.91596 0.08356 0.00049 ( 1)  0.026  0.000
1100 T   0.94196 0.05775 0.00029 ( 1)  0.017  0.000
1101 H   0.93409 0.06561 0.00029 ( 1)  0.020  0.000
1102 W   0.90601 0.09285 0.00114 ( 1)  0.030  0.001
1103 F   0.95573 0.04419 0.00007 ( 1)  0.013  0.000
1104 V   0.00053 0.97883 0.02064 ( 2)  0.351  0.021
1105 T   0.93501 0.06476 0.00022 ( 1)  0.019  0.000
1106 Q   0.92755 0.07230 0.00015 ( 1)  0.021  0.000
1107 R   0.91634 0.08331 0.00035 ( 1)  0.025  0.000
1108 N   0.96028 0.03963 0.00009 ( 1)  0.012  0.000
1109 F   0.95573 0.04419 0.00007 ( 1)  0.013  0.000
1110 Y   0.94994 0.04996 0.00010 ( 1)  0.015  0.000
1111 E   0.94316 0.05674 0.00009 ( 1)  0.017  0.000
1112 P   0.93354 0.06619 0.00026 ( 1)  0.020  0.000
1113 Q   0.92755 0.07230 0.00015 ( 1)  0.021  0.000
1114 I   0.94888 0.05089 0.00023 ( 1)  0.015  0.000
1115 I   0.95706 0.04281 0.00012 ( 1)  0.013  0.000
1116 T   0.93911 0.06068 0.00021 ( 1)  0.018  0.000
1117 T   0.94196 0.05775 0.00029 ( 1)  0.017  0.000
1118 D   0.00036 0.95993 0.03971 ( 2)  0.411  0.040
1119 N   0.93093 0.06883 0.00024 ( 1)  0.020  0.000
1120 T   0.93501 0.06476 0.00022 ( 1)  0.019  0.000
1121 F   0.94687 0.05304 0.00010 ( 1)  0.015  0.000
1122 V   0.92093 0.07835 0.00073 ( 1)  0.025  0.001
1123 S   0.94905 0.05086 0.00009 ( 1)  0.015  0.000
1124 G   0.95108 0.04887 0.00005 ( 1)  0.014  0.000
1125 N   0.00031 0.95086 0.04884 ( 2)  0.440  0.049
1126 C   0.94612 0.05384 0.00005 ( 1)  0.016  0.000
1127 D   0.95999 0.03993 0.00008 ( 1)  0.012  0.000
1128 V   0.95502 0.04485 0.00013 ( 1)  0.013  0.000
1129 V   0.93558 0.06416 0.00026 ( 1)  0.019  0.000
1130 I   0.94617 0.05355 0.00028 ( 1)  0.016  0.000
1131 G   0.92817 0.07165 0.00017 ( 1)  0.021  0.000
1132 I   0.95159 0.04824 0.00017 ( 1)  0.014  0.000
1133 V   0.92090 0.07850 0.00060 ( 1)  0.024  0.001
1134 N   0.93093 0.06883 0.00024 ( 1)  0.020  0.000
1135 N   0.93093 0.06883 0.00024 ( 1)  0.020  0.000
1136 T   0.93501 0.06476 0.00022 ( 1)  0.019  0.000
1137 V   0.95502 0.04485 0.00013 ( 1)  0.013  0.000
1138 Y   0.94994 0.04996 0.00010 ( 1)  0.015  0.000
1139 D   0.95999 0.03993 0.00008 ( 1)  0.012  0.000
1140 P   0.94616 0.05379 0.00006 ( 1)  0.016  0.000
1141 L   0.91557 0.08400 0.00044 ( 1)  0.025  0.000
1142 Q   0.92755 0.07230 0.00015 ( 1)  0.021  0.000
1143 P   0.93021 0.06959 0.00020 ( 1)  0.021  0.000
1144 E   0.93673 0.06312 0.00015 ( 1)  0.019  0.000
1145 L   0.92565 0.06732 0.00704 ( 1)  0.044  0.007
1146 D   0.93709 0.06271 0.00021 ( 1)  0.019  0.000
1147 S   0.92085 0.07869 0.00046 ( 1)  0.024  0.000
1148 F   0.93774 0.06197 0.00029 ( 1)  0.019  0.000
1149 K   0.92561 0.07422 0.00017 ( 1)  0.022  0.000
1150 E   0.92448 0.07532 0.00019 ( 1)  0.022  0.000
1151 E   0.92448 0.07532 0.00019 ( 1)  0.022  0.000
1152 L   0.92531 0.07427 0.00042 ( 1)  0.023  0.000
1153 D   0.95174 0.04815 0.00010 ( 1)  0.014  0.000
1154 K   0.94401 0.05590 0.00009 ( 1)  0.016  0.000
1155 Y   0.92523 0.07443 0.00034 ( 1)  0.022  0.000
1156 F   0.94687 0.05304 0.00010 ( 1)  0.015  0.000
1157 K   0.93930 0.06047 0.00023 ( 1)  0.018  0.000
1158 N   0.96028 0.03963 0.00009 ( 1)  0.012  0.000
1159 H   0.94339 0.05653 0.00008 ( 1)  0.016  0.000
1160 T   0.93501 0.06476 0.00022 ( 1)  0.019  0.000
1161 S   0.92085 0.07869 0.00046 ( 1)  0.024  0.000
1162 P   0.92926 0.07056 0.00018 ( 1)  0.021  0.000
1163 D   0.95999 0.03993 0.00008 ( 1)  0.012  0.000
1164 V   0.95087 0.04893 0.00020 ( 1)  0.015  0.000
1165 D   0.95999 0.03993 0.00008 ( 1)  0.012  0.000
1166 L   0.91366 0.08339 0.00294 ( 1)  0.034  0.003
1167 G   0.94070 0.05922 0.00008 ( 1)  0.017  0.000
1168 D   0.93009 0.06968 0.00024 ( 1)  0.021  0.000
1169 I   0.94153 0.05812 0.00035 ( 1)  0.018  0.000
1170 S   0.94905 0.05086 0.00009 ( 1)  0.015  0.000
1171 G   0.91596 0.08356 0.00049 ( 1)  0.026  0.000
1172 I   0.95159 0.04824 0.00017 ( 1)  0.014  0.000
1173 N   0.96028 0.03963 0.00009 ( 1)  0.012  0.000
1174 A   0.95432 0.04559 0.00010 ( 1)  0.013  0.000
1175 S   0.91553 0.08375 0.00071 ( 1)  0.026  0.001
1176 V   0.94599 0.05387 0.00014 ( 1)  0.016  0.000
1177 V   0.92565 0.07388 0.00047 ( 1)  0.023  0.000
1178 N   0.93804 0.06174 0.00021 ( 1)  0.018  0.000
1179 I   0.95159 0.04824 0.00017 ( 1)  0.014  0.000
1180 Q   0.92755 0.07230 0.00015 ( 1)  0.021  0.000
1181 K   0.94027 0.05953 0.00020 ( 1)  0.018  0.000
1182 E   0.94316 0.05674 0.00009 ( 1)  0.017  0.000
1183 I   0.95706 0.04281 0.00012 ( 1)  0.013  0.000
1184 D   0.93009 0.06968 0.00024 ( 1)  0.021  0.000
1185 R   0.90800 0.09103 0.00097 ( 1)  0.029  0.001
1186 L   0.91484 0.08458 0.00058 ( 1)  0.026  0.001
1187 N   0.96028 0.03963 0.00009 ( 1)  0.012  0.000
1188 E   0.92448 0.07532 0.00019 ( 1)  0.022  0.000
1189 V   0.95502 0.04485 0.00013 ( 1)  0.013  0.000
1190 A   0.91937 0.08008 0.00054 ( 1)  0.025  0.001
1191 K   0.93930 0.06047 0.00023 ( 1)  0.018  0.000
1192 N   0.96028 0.03963 0.00009 ( 1)  0.012  0.000
1193 L   0.92134 0.07783 0.00083 ( 1)  0.025  0.001
1194 N   0.96028 0.03963 0.00009 ( 1)  0.012  0.000
1195 E   0.94316 0.05674 0.00009 ( 1)  0.017  0.000
1196 S   0.94007 0.05978 0.00015 ( 1)  0.018  0.000
1197 L   0.91484 0.08458 0.00058 ( 1)  0.026  0.001
1198 I   0.93825 0.06136 0.00039 ( 1)  0.019  0.000
1199 D   0.95174 0.04815 0.00010 ( 1)  0.014  0.000
1200 L   0.91744 0.08182 0.00074 ( 1)  0.026  0.001
1201 Q   0.92755 0.07230 0.00015 ( 1)  0.021  0.000
1202 E   0.93673 0.06312 0.00015 ( 1)  0.019  0.000
1203 L   0.94924 0.05070 0.00006 ( 1)  0.015  0.000
1204 G   0.92817 0.07165 0.00017 ( 1)  0.021  0.000
1205 K   0.93214 0.06757 0.00029 ( 1)  0.020  0.000
1206 Y   0.94994 0.04996 0.00010 ( 1)  0.015  0.000
1207 E   0.92739 0.07239 0.00022 ( 1)  0.021  0.000
1208 Q   0.91678 0.08256 0.00065 ( 1)  0.026  0.001
1209 Y   0.94056 0.05932 0.00012 ( 1)  0.017  0.000
1210 I   0.93701 0.06267 0.00031 ( 1)  0.019  0.000
1211 K   0.94401 0.05590 0.00009 ( 1)  0.016  0.000
1212 W   0.90601 0.09285 0.00114 ( 1)  0.030  0.001
1213 P   0.93354 0.06619 0.00026 ( 1)  0.020  0.000
1214 W   0.90601 0.09285 0.00114 ( 1)  0.030  0.001
1215 Y   0.91618 0.08317 0.00065 ( 1)  0.026  0.001
1216 I   0.95706 0.04281 0.00012 ( 1)  0.013  0.000
1217 W   0.90601 0.09285 0.00114 ( 1)  0.030  0.001
1218 L   0.93050 0.06900 0.00050 ( 1)  0.021  0.000
1219 G   0.95108 0.04887 0.00005 ( 1)  0.014  0.000
1220 F   0.95573 0.04419 0.00007 ( 1)  0.013  0.000
1221 I   0.94050 0.05930 0.00020 ( 1)  0.018  0.000
1222 A   0.95432 0.04559 0.00010 ( 1)  0.013  0.000
1223 G   0.91472 0.08444 0.00083 ( 1)  0.027  0.001
1224 L   0.91587 0.08261 0.00152 ( 1)  0.029  0.002
1225 I   0.95706 0.04281 0.00012 ( 1)  0.013  0.000
1226 A   0.93413 0.06546 0.00040 ( 1)  0.020  0.000
1227 I   0.93701 0.06267 0.00031 ( 1)  0.019  0.000
1228 V   0.00036 0.89758 0.10206 ( 2)  0.608  0.102
1229 M   0.93984 0.06013 0.00004 ( 1)  0.017  0.000
1230 V   0.92093 0.07835 0.00073 ( 1)  0.025  0.001
1231 T   0.93078 0.06885 0.00037 ( 1)  0.021  0.000
1232 I   0.94845 0.05142 0.00013 ( 1)  0.015  0.000
1233 M   0.93984 0.06013 0.00004 ( 1)  0.017  0.000
1234 L   0.93966 0.06020 0.00014 ( 1)  0.018  0.000
1235 C   0.92670 0.07292 0.00038 ( 1)  0.022  0.000
1236 C   0.94612 0.05384 0.00005 ( 1)  0.016  0.000
1237 M   0.93984 0.06013 0.00004 ( 1)  0.017  0.000
1238 T   0.93472 0.06487 0.00041 ( 1)  0.020  0.000
1239 S   0.95573 0.04423 0.00004 ( 1)  0.013  0.000
1240 C   0.91335 0.08606 0.00060 ( 1)  0.027  0.001
1241 C   0.94118 0.05870 0.00011 ( 1)  0.017  0.000
1242 S   0.95573 0.04423 0.00004 ( 1)  0.013  0.000
1243 C   0.93612 0.06378 0.00010 ( 1)  0.019  0.000
1244 L   0.91484 0.08458 0.00058 ( 1)  0.026  0.001
1245 K   0.92561 0.07422 0.00017 ( 1)  0.022  0.000
1246 G   0.93046 0.06919 0.00035 ( 1)  0.021  0.000
1247 C   0.94612 0.05384 0.00005 ( 1)  0.016  0.000
1248 C   0.93612 0.06378 0.00010 ( 1)  0.019  0.000
1249 S   0.94905 0.05086 0.00009 ( 1)  0.015  0.000
1250 C   0.91937 0.08026 0.00037 ( 1)  0.024  0.000
1251 G   0.93654 0.06314 0.00032 ( 1)  0.019  0.000
1252 S   0.92169 0.07790 0.00041 ( 1)  0.024  0.000
1253 C   0.91335 0.08606 0.00060 ( 1)  0.027  0.001
1254 C   0.91335 0.08606 0.00060 ( 1)  0.027  0.001
1255 K   0.94401 0.05590 0.00009 ( 1)  0.016  0.000
1256 F   0.95573 0.04419 0.00007 ( 1)  0.013  0.000
1257 D   0.95999 0.03993 0.00008 ( 1)  0.012  0.000
1258 E   0.94316 0.05674 0.00009 ( 1)  0.017  0.000
1259 D   0.93009 0.06968 0.00024 ( 1)  0.021  0.000
1260 D   0.94256 0.05717 0.00027 ( 1)  0.017  0.000
1261 S   0.94007 0.05978 0.00015 ( 1)  0.018  0.000
1262 E   0.93111 0.06859 0.00030 ( 1)  0.021  0.000
1263 P   0.93354 0.06619 0.00026 ( 1)  0.020  0.000
1264 V   0.92946 0.06969 0.00085 ( 1)  0.023  0.001
1265 L   0.91191 0.08707 0.00101 ( 1)  0.028  0.001
1266 K   0.94401 0.05590 0.00009 ( 1)  0.016  0.000
1267 G   0.92817 0.07165 0.00017 ( 1)  0.021  0.000
1268 V   0.92090 0.07850 0.00060 ( 1)  0.024  0.001
1269 K   0.94401 0.05590 0.00009 ( 1)  0.016  0.000
1270 L   0.92794 0.07183 0.00023 ( 1)  0.021  0.000
1271 H   0.95298 0.04697 0.00005 ( 1)  0.014  0.000
1272 Y   0.91618 0.08317 0.00065 ( 1)  0.026  0.001
1273 T   0.93501 0.06476 0.00022 ( 1)  0.019  0.000

Positively selected sites

	Prob(w>1)  mean w

   218 Q      0.983*        3.399
   256 S      0.557         2.048
   324 E      0.686         2.458
   417 K      0.927         3.223
   439 N      0.978*        3.382
   441 L      0.655         2.360
   444 K      0.580         2.124
   445 V      0.894         3.118
   483 V      0.839         2.944
   484 E      0.996**       3.441
   493 Q      0.840         2.945
   494 S      0.742         2.635
   501 N      0.873         3.051
   677 Q      0.951*        3.299


lnL = -7475.341422

