

TREE # 1

  0  0.0000   9765.432840  x:  0.09177   0.10726   0.07327   0.09882   0.09983   0.04314   0.09010   0.05567   0.08704   0.04087   0.07587   0.06449   0.09986   0.01847   0.04910   0.03540   0.09828   2.00000   0.34490   0.21006   0.50000   1.22323   1.70112  
  1 99.0000   9133.933417  x:  0.07352   0.08917   0.05507   0.08147   0.08258   0.06829   0.09910   0.17056   0.06896   0.02332   0.05784   0.04729   0.08162   0.00000   0.03411   0.01865   0.08144   2.00043   0.34706   0.20906   0.49216   1.22143   1.70102  
  2 7638.3804   8875.114079  x:  0.05250   0.06829   0.03419   0.06113   0.06234   0.07250   0.10385   0.16985   0.04821   0.00404   0.03717   0.02806   0.06060   0.00000   0.01841   0.00000   0.06208   2.00093   0.34942   0.20803   0.48431   1.21925   1.70058  
  3 4705.1590   8829.960174  x:  0.04801   0.06384   0.02974   0.05679   0.05803   0.07338   0.10485   0.16971   0.04378   0.00000   0.03277   0.02397   0.05612   0.00000   0.01510   0.00005   0.05795   2.00104   0.34992   0.20782   0.48266   1.21878   1.70048  
  4 51636.2013   8723.587439  x:  0.03799   0.05389   0.01979   0.04709   0.04838   0.07534   0.10706   0.16944   0.03389   0.00001   0.02293   0.01483   0.04610   0.00000   0.00775   0.00000   0.04873   2.00128   0.35104   0.20734   0.47898   1.21773   1.70026  
  5 45924.8395   8592.223593  x:  0.02398   0.04087   0.00650   0.03457   0.03587   0.09113   0.12230   0.16604   0.02057   0.00008   0.00864   0.00151   0.03302   0.00000   0.00047   0.00011   0.03513   2.00176   0.35427   0.20512   0.46030   1.21723   1.70341  
  6 14740.0433   8580.880305  x:  0.02248   0.03948   0.00508   0.03323   0.03453   0.09263   0.12376   0.16573   0.01915   0.00009   0.00712   0.00028   0.03162   0.00000   0.00072   0.00011   0.03369   2.00181   0.35460   0.20491   0.45848   1.21717   1.70370  
  7 77354.6588   8530.495210  x:  0.01715   0.03447   0.00000   0.02841   0.02972   0.09773   0.12873   0.16468   0.01406   0.00010   0.00175   0.00036   0.02658   0.00000   0.00083   0.00010   0.02857   2.00198   0.35572   0.20416   0.45225   1.21692   1.70468  
  8 49202.6976   8428.898512  x:  0.00091   0.02028   0.00000   0.01446   0.01658   0.10798   0.13999   0.16255   0.00000   0.00010   0.00655   0.00046   0.01156   0.00000   0.00101   0.00010   0.01347   2.00248   0.35901   0.20200   0.43425   1.21619   1.70743  
  9 13629.0629   8423.463755  x:  0.00000   0.01947   0.00000   0.01367   0.01583   0.10847   0.14053   0.16245   0.00001   0.00010   0.00675   0.00047   0.01071   0.00000   0.00102   0.00010   0.01263   2.00251   0.35918   0.20190   0.43334   1.21614   1.70756  
 10 23266.7113   8377.551482  x:  0.00000   0.00927   0.00000   0.00667   0.01082   0.10785   0.14247   0.16253   0.00001   0.00009   0.00723   0.00046   0.00000   0.00000   0.00100   0.00010   0.00400   2.00284   0.36159   0.20034   0.42066   1.21573   1.70946  
 11 5005.3274   8367.274609  x:  0.00000   0.00059   0.00000   0.00392   0.00759   0.10684   0.14169   0.16275   0.00001   0.00009   0.00714   0.00045   0.00000   0.00000   0.00098   0.00009   0.00979   2.00322   0.36384   0.19925   0.41266   1.21432   1.70956  
 12 1371.2354   8366.360673  x:  0.00000   0.00000   0.00003   0.00374   0.00737   0.10677   0.14164   0.16276   0.00001   0.00009   0.00714   0.00045   0.00000   0.00000   0.00097   0.00009   0.01018   2.00324   0.36399   0.19917   0.41212   1.21423   1.70957  
 13 1879316.6429   8366.360673  x:  0.00000   0.00000   0.00003   0.00374   0.00737   0.10677   0.14164   0.16276   0.00001   0.00009   0.00714   0.00045   0.00000   0.00000   0.00097   0.00009   0.01018   2.00324   0.36399   0.19917   0.41212   1.21423   1.70957  
 14 6264.3583   8354.254066  x:  0.00000   0.00001   0.00150   0.00371   0.00733   0.10677   0.14163   0.16282   0.00351   0.00090   0.00710   0.00075   0.00000   0.00000   0.00121   0.00047   0.01014   2.00324   0.36400   0.19917   0.41211   1.21422   1.70957  
 15 101041.2306   8354.142076  x:  0.00000   0.00000   0.00149   0.00371   0.00733   0.10676   0.14163   0.16282   0.00351   0.00091   0.00710   0.00076   0.00000   0.00000   0.00122   0.00047   0.01014   2.00324   0.36400   0.19917   0.41211   1.21422   1.70957  
 16 7065.1560   8351.602655  x:  0.00000   0.00000   0.00141   0.00327   0.00683   0.10672   0.14154   0.16363   0.00346   0.00131   0.00654   0.00032   0.00000   0.00000   0.00171   0.00061   0.00960   2.00325   0.36406   0.19915   0.41199   1.21415   1.70952  
 17 3392.7132   8332.562748  x:  0.00000   0.00000   0.00094   0.00000   0.00305   0.10641   0.14088   0.16975   0.00321   0.00340   0.00237   0.00046   0.00000   0.00000   0.00123   0.00063   0.00554   2.00335   0.36449   0.19902   0.41110   1.21363   1.70919  
 18 10424.6505   8325.307983  x:  0.00000   0.00000   0.00078   0.00037   0.00125   0.10625   0.14053   0.17287   0.00311   0.00419   0.00027   0.00051   0.00000   0.00000   0.00108   0.00056   0.00346   2.00341   0.36472   0.19895   0.41065   1.21335   1.70902  
 19 14360.9651   8320.616270  x:  0.00000   0.00000   0.00099   0.00044   0.00021   0.10609   0.14019   0.17590   0.00307   0.00409   0.00069   0.00051   0.00000   0.00000   0.00115   0.00029   0.00152   2.00346   0.36495   0.19887   0.41019   1.21308   1.70885  
 20 5278.7722   8317.499784  x:  0.00000   0.00000   0.00110   0.00045   0.00033   0.10598   0.13996   0.17795   0.00304   0.00400   0.00074   0.00050   0.00000   0.00000   0.00114   0.00038   0.00027   2.00349   0.36510   0.19883   0.40988   1.21290   1.70874  
 21 14480.1840   8294.611461  x:  0.00000   0.00000   0.00194   0.00034   0.00062   0.10489   0.13770   0.19785   0.00307   0.00244   0.00054   0.00044   0.00000   0.00000   0.00149   0.00000   0.00052   2.00383   0.36660   0.19836   0.40685   1.21110   1.70760  
 22 5286.5292   8266.848891  x:  0.00000   0.00000   0.00312   0.00022   0.00086   0.10334   0.13447   0.22626   0.00307   0.00017   0.00035   0.00036   0.00000   0.00000   0.00186   0.00004   0.00093   2.00432   0.36874   0.19769   0.40253   1.20853   1.70598  
 23 3101647.5504   8206.913219  x:  0.00000   0.00000   0.00696   0.00176   0.00385   0.09618   0.11959   0.35652   0.00033   0.00549   0.00529   0.00075   0.00000   0.00000   0.00056   0.00019   0.00422   2.00656   0.37865   0.19459   0.38254   1.19664   1.69849  
 24 84397.9352   8201.987214  x:  0.00000   0.00000   0.00109   0.00200   0.00399   0.09582   0.11875   0.36416   0.00283   0.00537   0.00629   0.00076   0.00000   0.00000   0.00051   0.00019   0.00423   2.00680   0.37971   0.19424   0.38028   1.19542   1.69776  
 25 2570.2329   7992.646732  x:  0.00000   0.00000   0.00056   0.00220   0.00441   0.11884   0.13213   0.38228   0.00290   0.00563   0.00709   0.00080   0.00000   0.00000   0.00043   0.00020   0.00461   2.04380   0.54960   0.13581   0.00000   1.01215   1.59514  
 26 363.8274   7986.089182  x:  0.00000   0.00000   0.00035   0.00218   0.00438   0.11813   0.09204   0.38000   0.00281   0.00558   0.00707   0.00080   0.00000   0.00000   0.00045   0.00020   0.00457   2.06221   0.56348   0.13515   0.00000   0.95374   1.56317  
 27 290.2227   7979.155503  x:  0.00000   0.00000   0.00003   0.00220   0.00441   0.11996   0.09077   0.38129   0.00274   0.00558   0.00716   0.00080   0.00000   0.00000   0.00045   0.00020   0.00459   2.08302   0.55100   0.14673   0.00000   0.89789   1.53293  
 28 320.1098   7969.266369  x:  0.00000   0.00000   0.00000   0.00221   0.00444   0.12003   0.08788   0.38258   0.00275   0.00560   0.00722   0.00081   0.00000   0.00000   0.00044   0.00020   0.00462   2.11132   0.53221   0.16340   0.00000   0.82199   1.49193  
 29 2282.3481   7969.266369  x:  0.00000   0.00000   0.00000   0.00221   0.00444   0.12003   0.08788   0.38258   0.00275   0.00560   0.00722   0.00081   0.00000   0.00000   0.00044   0.00020   0.00462   2.11132   0.53221   0.16340   0.00000   0.82199   1.49193  
 30 479145.9329   7962.826861  x:  0.00000   0.00005   0.00374   0.00221   0.00443   0.12003   0.08789   0.38258   0.00274   0.00559   0.00720   0.00087   0.00000   0.00000   0.00068   0.00026   0.00461   2.11132   0.53222   0.16340   0.00000   0.82199   1.49193  
 31 231697.4308   7958.661499  x:  0.00000   0.00000   0.00373   0.00218   0.00441   0.12003   0.08791   0.38260   0.00271   0.00556   0.00716   0.00105   0.00000   0.00000   0.00113   0.00040   0.00458   2.11132   0.53223   0.16340   0.00000   0.82198   1.49193  
 32 10604.6061   7955.916050  x:  0.00000   0.00000   0.00374   0.00170   0.00377   0.12009   0.08838   0.38295   0.00202   0.00486   0.00621   0.00309   0.00000   0.00000   0.00081   0.00017   0.00379   2.11134   0.53246   0.16332   0.00000   0.82177   1.49182  
 33 2615.6119   7955.385093  x:  0.00000   0.00000   0.00374   0.00156   0.00357   0.12012   0.08853   0.38307   0.00181   0.00463   0.00590   0.00331   0.00000   0.00000   0.00067   0.00047   0.00353   2.11134   0.53254   0.16329   0.00000   0.82170   1.49178  
 34 4795.6364   7950.356273  x:  0.00000   0.00000   0.00374   0.00059   0.00208   0.12028   0.08974   0.38400   0.00030   0.00292   0.00348   0.00304   0.00000   0.00000   0.00073   0.00043   0.00157   2.11139   0.53316   0.16309   0.00000   0.82115   1.49149  
 35 4542.2648   7948.552257  x:  0.00000   0.00000   0.00374   0.00045   0.00138   0.12038   0.09048   0.38458   0.00076   0.00197   0.00202   0.00298   0.00000   0.00000   0.00075   0.00042   0.00053   2.11141   0.53355   0.16297   0.00000   0.82080   1.49131  
 36 4817.0826   7947.459113  x:  0.00000   0.00000   0.00374   0.00109   0.00117   0.12047   0.09121   0.38515   0.00069   0.00136   0.00076   0.00298   0.00000   0.00000   0.00075   0.00042   0.00054   2.11144   0.53393   0.16284   0.00000   0.82045   1.49114  
 37 2574.3083   7946.884790  x:  0.00000   0.00000   0.00374   0.00080   0.00097   0.12060   0.09225   0.38598   0.00079   0.00139   0.00038   0.00296   0.00000   0.00000   0.00075   0.00042   0.00098   2.11148   0.53450   0.16266   0.00000   0.81995   1.49087  
 38 1023.8223   7938.174707  x:  0.00000   0.00000   0.00373   0.00098   0.00010   0.12246   0.10715   0.39784   0.00096   0.00053   0.00117   0.00291   0.00000   0.00000   0.00076   0.00041   0.00171   2.11204   0.54256   0.16006   0.00000   0.81272   1.48713  
 39 3664.1667   7931.755888  x:  0.00000   0.00000   0.00373   0.00081   0.00053   0.12402   0.11971   0.40786   0.00105   0.00010   0.00141   0.00288   0.00000   0.00000   0.00077   0.00041   0.00198   2.11252   0.54937   0.15787   0.00000   0.80663   1.48396  
 40 111969.6991   7874.696949  x:  0.00000   0.00000   0.00361   0.00136   0.00554   0.16208   0.42490   0.65129   0.00213   0.00433   0.00389   0.00233   0.00000   0.00000   0.00091   0.00036   0.00307   2.12407   0.71484   0.10452   0.00000   0.65840   1.40710  
 41 407259.0763   7633.883309  x:  0.00000   0.00000   0.00325   0.00144   0.00522   0.00000   0.36785   1.07332   0.00235   0.00403   0.00411   0.00232   0.00000   0.00000   0.00093   0.00037   0.00369   2.15030   1.31185  -0.11666   0.00000   0.19629   1.26129  
 42 618.4540   7576.300177  x:  0.00000   0.00000   0.00313   0.00145   0.00508   0.07800   0.33337   1.14709   0.00247   0.00390   0.00427   0.00231   0.00000   0.00000   0.00094   0.00037   0.00404   2.15633   1.48338  -0.17066   0.00000   0.01667   1.23062  
 43 1245.9549   7574.302268  x:  0.00000   0.00000   0.00269   0.00145   0.00514   0.06382   0.34590   1.11556   0.00244   0.00395   0.00425   0.00231   0.00000   0.00000   0.00094   0.00037   0.00396   2.15927   1.52522  -0.10912   0.00000   0.00341   1.21493  
 44 37.7136   7573.305845  x:  0.00000   0.00000   0.00257   0.00145   0.00516   0.06013   0.34918   1.10727   0.00244   0.00397   0.00424   0.00231   0.00000   0.00000   0.00094   0.00037   0.00394   2.16004   1.53631  -0.09291   0.00091   0.00000   1.21078  
 45 28256.0219   7571.014235  x:  0.00000   0.00000   0.00222   0.00144   0.00518   0.05809   0.35470   1.08947   0.00243   0.00399   0.00423   0.00231   0.00000   0.00000   0.00094   0.00037   0.00391   2.16261   1.57790  -0.04703   0.00000   0.00765   1.19537  
 46 306.4385   7563.126907  x:  0.00000   0.00000   0.00026   0.00137   0.00467   0.07865   0.29727   1.16809   0.00233   0.00358   0.00399   0.00237   0.00000   0.00000   0.00094   0.00037   0.00383   2.17348   1.66341   0.29387   0.00009   0.00869   1.07842  
 47 67.1218   7557.495928  x:  0.00000   0.00000   0.00237   0.00127   0.00396   0.10365   0.22128   1.26564   0.00218   0.00302   0.00364   0.00246   0.00000   0.00000   0.00094   0.00039   0.00371   2.20045   1.82252   0.83479   0.00024   0.01282   0.90222  
 48 105.9132   7553.833830  x:  0.00000   0.00000   0.00232   0.00124   0.00386   0.10383   0.21344   1.26596   0.00213   0.00294   0.00354   0.00247   0.00000   0.00000   0.00097   0.00040   0.00361   2.41546   1.85430   0.91104   0.00000   0.01585   0.94389  
 49  4.7363   7553.833830  x:  0.00000   0.00000   0.00232   0.00124   0.00386   0.10383   0.21344   1.26596   0.00213   0.00294   0.00354   0.00247   0.00000   0.00000   0.00097   0.00040   0.00361   2.41546   1.85430   0.91104   0.00000   0.01585   0.94389  
 50  4.9487   7543.255903  x:  0.00000   0.00000   0.00151   0.00056   0.00327   0.10366   0.21323   1.26584   0.00137   0.00244   0.00256   0.00315   0.00000   0.00000   0.00863   0.00229   0.00270   2.41546   1.85431   0.91104   0.00027   0.01591   0.94391  
 51 6576.1989   7541.123291  x:  0.00000   0.00000   0.00083   0.00000   0.00280   0.10345   0.21297   1.26570   0.00079   0.00202   0.00146   0.00348   0.00000   0.00000   0.00874   0.00153   0.00168   2.41546   1.85432   0.91105   0.00051   0.01595   0.94395  
 52 1413.4310   7540.711671  x:  0.00000   0.00000   0.00114   0.00008   0.00284   0.10325   0.21271   1.26555   0.00118   0.00191   0.00090   0.00360   0.00000   0.00000   0.00885   0.00119   0.00108   2.41546   1.85434   0.91105   0.00058   0.01593   0.94398  
 53 969.7388   7540.522842  x:  0.00000   0.00000   0.00112   0.00038   0.00301   0.10253   0.21181   1.26504   0.00102   0.00195   0.00117   0.00372   0.00000   0.00000   0.00892   0.00097   0.00073   2.41546   1.85438   0.91107   0.00063   0.01581   0.94411  
 54 296.4105   7538.792547  x:  0.00000   0.00000   0.00101   0.00141   0.00320   0.09484   0.20213   1.25953   0.00078   0.00200   0.00076   0.00469   0.00000   0.00000   0.00910   0.00034   0.00154   2.41544   1.85492   0.91127   0.00124   0.01455   0.94542  
 55 1219.2450   7536.731122  x:  0.00000   0.00000   0.00078   0.00242   0.00309   0.08365   0.18802   1.25147   0.00066   0.00191   0.00030   0.00591   0.00000   0.00000   0.00874   0.00122   0.00160   2.41542   1.85570   0.91156   0.00210   0.01269   0.94735  
 56 17142.7847   7534.904021  x:  0.00000   0.00000   0.00079   0.00212   0.00203   0.07311   0.17468   1.24380   0.00136   0.00153   0.00107   0.00672   0.00000   0.00000   0.00867   0.00126   0.00154   2.41541   1.85645   0.91184   0.00282   0.01090   0.94918  
 57 14692.7720   7534.043072  x:  0.00000   0.00000   0.00156   0.00150   0.00163   0.06883   0.16911   1.24039   0.00080   0.00225   0.00102   0.00587   0.00000   0.00000   0.00873   0.00116   0.00134   2.41540   1.85679   0.91197   0.00244   0.00987   0.94997  
 58 3180.3971   7533.368628  x:  0.00000   0.00000   0.00097   0.00110   0.00214   0.06595   0.16513   1.23767   0.00107   0.00238   0.00087   0.00417   0.00000   0.00000   0.00888   0.00099   0.00114   2.41539   1.85708   0.91207   0.00179   0.00897   0.95058  
 59 1908.9766   7533.262268  x:  0.00000   0.00000   0.00114   0.00098   0.00238   0.06565   0.16449   1.23698   0.00091   0.00190   0.00087   0.00378   0.00000   0.00000   0.00889   0.00099   0.00116   2.41539   1.85716   0.91211   0.00191   0.00887   0.95071  
 60 465.0147   7532.983068  x:  0.00000   0.00000   0.00117   0.00000   0.00348   0.06659   0.16270   1.23217   0.00096   0.00239   0.00092   0.00360   0.00000   0.00000   0.00890   0.00100   0.00115   2.41537   1.85778   0.91234   0.00339   0.00855   0.95145  
 61 204.2431   7526.860143  x:  0.00000   0.00000   0.00123   0.00000   0.00401   0.08173   0.14527   1.17579   0.00096   0.00241   0.00095   0.00387   0.00000   0.00000   0.00888   0.00102   0.00116   2.41518   1.86526   0.91518   0.00658   0.00000   0.96002  
 62 817.4056   7518.415914  x:  0.00000   0.00000   0.00100   0.00000   0.00145   0.12479   0.09697   1.01637   0.00102   0.00229   0.00086   0.00264   0.00000   0.00000   0.00894   0.00098   0.00115   2.41462   1.88641   0.92323   0.01643   0.00000   0.98415  
 63 122466.0698   7500.153947  x:  0.00000   0.00000   0.00084   0.00000   0.00027   0.12458   0.09484   0.74058   0.00104   0.00220   0.00078   0.00210   0.00000   0.00000   0.00896   0.00093   0.00111   2.40974   1.92033   0.94206   0.01394   0.00000   1.01740  
 64 604.7978   7497.759505  x:  0.00000   0.00000   0.00081   0.00048   0.00008   0.12454   0.09448   0.69313   0.00104   0.00219   0.00077   0.00201   0.00000   0.00000   0.00897   0.00092   0.00110   2.40890   1.92617   0.94530   0.01353   0.00000   1.02312  
 65 1116212.4533   7495.861826  x:  0.00000   0.00000   0.00084   0.00047   0.00046   0.12463   0.09394   0.63499   0.00104   0.00220   0.00079   0.00220   0.00000   0.00000   0.00896   0.00093   0.00111   2.40786   1.93335   0.94923   0.01429   0.00000   1.03008  
 66 24633.6731   7489.591736  x:  0.00000   0.00000   0.00072   0.00041   0.00039   0.11751   0.08215   0.57029   0.00096   0.00190   0.00067   0.00237   0.00000   0.00000   0.00889   0.00082   0.00092   2.28605   2.43961   1.06466   0.01696   0.00000   0.94352  
 67 23.4634   7484.133959  x:  0.00000   0.00000   0.00071   0.00040   0.00041   0.09710   0.11669   0.57832   0.00098   0.00195   0.00068   0.00210   0.00000   0.00000   0.00891   0.00083   0.00092   2.11134   2.94559   1.05907   0.02366   0.00000   1.32776  
 68 28.0586   7483.285293  x:  0.00000   0.00000   0.00071   0.00040   0.00042   0.10218   0.11204   0.57955   0.00098   0.00196   0.00068   0.00210   0.00000   0.00000   0.00889   0.00084   0.00093   1.88620   2.93324   1.07611   0.02301   0.00000   1.34065  
 69  4.9385   7478.847639  x:  0.00000   0.00000   0.00070   0.00054   0.00056   0.09649   0.11885   0.62369   0.00086   0.00149   0.00069   0.00301   0.00000   0.00000   0.00853   0.00084   0.00079   1.89362   2.85682   1.01065   0.01341   0.00000   1.19843  
 70  0.4359   7478.841063  x:  0.00000   0.00000   0.00070   0.00055   0.00057   0.09618   0.11925   0.62623   0.00085   0.00146   0.00069   0.00306   0.00000   0.00000   0.00851   0.00084   0.00078   1.89414   2.85246   1.00746   0.01287   0.00409   1.19048  
 71  6.9858   7478.422435  x:  0.00000   0.00000   0.00084   0.00057   0.00060   0.10010   0.12037   0.62549   0.00082   0.00165   0.00077   0.00326   0.00000   0.00000   0.00835   0.00092   0.00089   1.91022   2.86108   1.10436   0.01419   0.00000   1.23136  
 72  0.3877   7478.246680  x:  0.00000   0.00000   0.00082   0.00060   0.00064   0.09939   0.12397   0.62061   0.00079   0.00162   0.00079   0.00336   0.00000   0.00000   0.00812   0.00093   0.00087   1.90466   2.88722   1.05479   0.01280   0.00000   1.21619  
 73  0.2805   7478.244692  x:  0.00000   0.00000   0.00082   0.00060   0.00065   0.09931   0.12438   0.62005   0.00079   0.00162   0.00079   0.00338   0.00000   0.00000   0.00810   0.00094   0.00087   1.90402   2.89021   1.04912   0.01265   0.00015   1.21446  
 74 1159.2089   7477.773965  x:  0.00000   0.00000   0.00075   0.00067   0.00077   0.10318   0.12907   0.60934   0.00081   0.00161   0.00086   0.00344   0.00000   0.00000   0.00746   0.00099   0.00082   1.91857   2.99891   1.15134   0.01524   0.00014   1.30758  
 75  0.6842   7477.630285  x:  0.00000   0.00000   0.00080   0.00073   0.00087   0.10650   0.12692   0.62254   0.00084   0.00175   0.00087   0.00307   0.00000   0.00000   0.00714   0.00100   0.00089   1.94156   2.98540   1.33510   0.01558   0.00019   1.35360  
 76  0.3535   7477.356646  x:  0.00000   0.00000   0.00110   0.00083   0.00104   0.10364   0.12492   0.61663   0.00092   0.00177   0.00085   0.00362   0.00000   0.00000   0.00628   0.00099   0.00103   1.92707   2.96723   1.44318   0.01607   0.00011   1.38429  
 77  0.1207   7477.215796  x:  0.00000   0.00000   0.00084   0.00088   0.00116   0.10291   0.12283   0.61310   0.00073   0.00175   0.00085   0.00338   0.00000   0.00000   0.00587   0.00094   0.00091   1.92601   2.95473   1.45678   0.01612   0.00005   1.37498  
 78  0.0163   7477.210568  x:  0.00000   0.00000   0.00083   0.00088   0.00116   0.10292   0.12274   0.61308   0.00074   0.00175   0.00085   0.00337   0.00000   0.00000   0.00587   0.00094   0.00090   1.92598   2.95427   1.45610   0.01615   0.00000   1.37415  
 79  0.0172   7477.155908  x:  0.00000   0.00000   0.00082   0.00090   0.00127   0.10301   0.12281   0.61326   0.00088   0.00159   0.00079   0.00324   0.00000   0.00000   0.00591   0.00084   0.00087   1.92376   2.94766   1.43871   0.01636   0.00000   1.34902  
 80  0.0229   7477.113214  x:  0.00000   0.00000   0.00076   0.00093   0.00141   0.10247   0.12396   0.61500   0.00094   0.00172   0.00081   0.00337   0.00000   0.00000   0.00599   0.00086   0.00088   1.92027   2.91205   1.46025   0.01583   0.00000   1.31249  
 81  0.0196   7477.113168  x:  0.00000   0.00000   0.00076   0.00093   0.00142   0.10246   0.12398   0.61503   0.00094   0.00173   0.00081   0.00337   0.00000   0.00000   0.00599   0.00086   0.00088   1.92021   2.91147   1.46060   0.01583   0.00013   1.31189  
 82  4.3615   7477.105322  x:  0.00000   0.00000   0.00078   0.00093   0.00143   0.10237   0.12402   0.61480   0.00092   0.00172   0.00082   0.00336   0.00000   0.00000   0.00600   0.00086   0.00088   1.91945   2.91035   1.46122   0.01584   0.00000   1.30912  
 83  0.0183   7477.079198  x:  0.00000   0.00000   0.00083   0.00093   0.00154   0.10202   0.12408   0.61327   0.00082   0.00165   0.00084   0.00331   0.00000   0.00000   0.00608   0.00089   0.00090   1.91593   2.90945   1.47779   0.01628   0.00000   1.30278  
 84  0.0247   7477.068746  x:  0.00000   0.00000   0.00085   0.00094   0.00164   0.10237   0.12453   0.61387   0.00081   0.00165   0.00084   0.00336   0.00000   0.00000   0.00615   0.00091   0.00088   1.91700   2.88898   1.52954   0.01618   0.00000   1.29774  
 85  0.0683   7477.051173  x:  0.00000   0.00000   0.00085   0.00089   0.00178   0.10213   0.12393   0.61349   0.00084   0.00170   0.00080   0.00334   0.00000   0.00000   0.00631   0.00091   0.00091   1.91874   2.88244   1.65751   0.01694   0.00000   1.33535  
 86  0.0310   7477.039712  x:  0.00000   0.00000   0.00081   0.00081   0.00182   0.10342   0.12321   0.61345   0.00083   0.00163   0.00081   0.00338   0.00000   0.00000   0.00638   0.00091   0.00085   1.92320   2.87309   1.72244   0.01757   0.00000   1.35353  
 87  0.0270   7477.003566  x:  0.00000   0.00000   0.00083   0.00052   0.00205   0.10375   0.12295   0.61488   0.00084   0.00168   0.00087   0.00340   0.00000   0.00000   0.00640   0.00092   0.00094   1.92597   2.81747   1.94856   0.01883   0.00000   1.37307  
 88  0.0401   7477.002946  x:  0.00000   0.00000   0.00083   0.00051   0.00206   0.10377   0.12294   0.61496   0.00084   0.00168   0.00087   0.00340   0.00000   0.00000   0.00640   0.00092   0.00094   1.92614   2.81411   1.96219   0.01891   0.00033   1.37424  
 89 160.0165   7476.985643  x:  0.00000   0.00000   0.00084   0.00043   0.00208   0.10326   0.12324   0.61459   0.00083   0.00170   0.00087   0.00339   0.00000   0.00000   0.00634   0.00090   0.00092   1.92306   2.80010   1.96125   0.01901   0.00000   1.36092  
 90  0.0353   7476.971321  x:  0.00000   0.00000   0.00084   0.00028   0.00217   0.10276   0.12370   0.61431   0.00083   0.00168   0.00085   0.00336   0.00000   0.00000   0.00621   0.00088   0.00089   1.91882   2.77533   1.99047   0.01952   0.00000   1.34420  
 91  0.0468   7476.968440  x:  0.00000   0.00000   0.00084   0.00022   0.00224   0.10283   0.12366   0.61457   0.00083   0.00167   0.00084   0.00335   0.00000   0.00000   0.00619   0.00088   0.00088   1.91898   2.75735   2.04606   0.01985   0.00000   1.34610  
 92  0.1811   7476.965680  x:  0.00000   0.00000   0.00082   0.00023   0.00230   0.10281   0.12361   0.61451   0.00082   0.00164   0.00081   0.00335   0.00000   0.00000   0.00616   0.00090   0.00088   1.91914   2.74472   2.06611   0.02005   0.00000   1.34720  
 93  0.0132   7476.962715  x:  0.00000   0.00000   0.00085   0.00017   0.00235   0.10315   0.12358   0.61528   0.00084   0.00167   0.00079   0.00335   0.00000   0.00000   0.00618   0.00093   0.00088   1.92122   2.72039   2.12704   0.02083   0.00000   1.36198  
 94  0.0176   7476.958168  x:  0.00000   0.00000   0.00081   0.00010   0.00244   0.10343   0.12349   0.61672   0.00083   0.00167   0.00083   0.00335   0.00000   0.00000   0.00621   0.00093   0.00092   1.92246   2.67112   2.21105   0.02197   0.00000   1.36756  
 95  0.0319   7476.948012  x:  0.00000   0.00000   0.00082   0.00007   0.00258   0.10367   0.12346   0.61784   0.00083   0.00168   0.00085   0.00337   0.00000   0.00000   0.00620   0.00090   0.00088   1.92391   2.59291   2.35066   0.02419   0.00000   1.38108  
 96  0.0599   7476.941876  x:  0.00000   0.00000   0.00083   0.00012   0.00258   0.10360   0.12358   0.61773   0.00084   0.00168   0.00086   0.00339   0.00000   0.00000   0.00620   0.00087   0.00087   1.92394   2.56338   2.37715   0.02523   0.00000   1.38432  
 97  0.0791   7476.932146  x:  0.00000   0.00000   0.00084   0.00010   0.00266   0.10364   0.12366   0.61787   0.00085   0.00168   0.00088   0.00340   0.00000   0.00000   0.00619   0.00085   0.00086   1.92481   2.49117   2.48991   0.02747   0.00000   1.39700  
 98  0.3786   7476.932107  x:  0.00000   0.00000   0.00085   0.00010   0.00266   0.10364   0.12366   0.61788   0.00086   0.00168   0.00088   0.00340   0.00000   0.00000   0.00619   0.00084   0.00086   1.92487   2.48577   2.49834   0.02763   0.00006   1.39794  
 99 261.8350   7476.928232  x:  0.00000   0.00000   0.00085   0.00009   0.00265   0.10362   0.12367   0.61775   0.00085   0.00168   0.00087   0.00340   0.00000   0.00000   0.00619   0.00085   0.00087   1.92479   2.47901   2.50717   0.02789   0.00000   1.39926  
100  0.0621   7476.892914  x:  0.00000   0.00000   0.00086   0.00004   0.00245   0.10316   0.12379   0.61561   0.00084   0.00166   0.00082   0.00332   0.00000   0.00000   0.00617   0.00092   0.00095   1.92243   2.42187   2.57027   0.03088   0.00000   1.41386  
101  0.4488   7476.863648  x:  0.00000   0.00000   0.00086   0.00004   0.00239   0.10313   0.12370   0.61564   0.00083   0.00166   0.00081   0.00329   0.00000   0.00000   0.00617   0.00093   0.00094   1.92195   2.32569   2.68954   0.03441   0.00000   1.42737  
102  0.4565   7476.861599  x:  0.00000   0.00000   0.00085   0.00004   0.00237   0.10312   0.12366   0.61565   0.00082   0.00166   0.00080   0.00329   0.00000   0.00000   0.00618   0.00094   0.00094   1.92179   2.29343   2.72954   0.03560   0.00034   1.43190  
103 1772.7150   7476.833801  x:  0.00000   0.00000   0.00079   0.00023   0.00231   0.10323   0.12337   0.61634   0.00079   0.00165   0.00078   0.00335   0.00000   0.00000   0.00619   0.00090   0.00086   1.92233   2.22477   2.76214   0.03751   0.00086   1.41863  
104  0.0315   7476.818842  x:  0.00000   0.00000   0.00080   0.00033   0.00218   0.10307   0.12367   0.61595   0.00081   0.00163   0.00080   0.00338   0.00000   0.00000   0.00619   0.00089   0.00086   1.92193   2.16005   2.78723   0.03947   0.00055   1.41166  
105  0.0595   7476.803496  x:  0.00000   0.00000   0.00084   0.00040   0.00203   0.10275   0.12419   0.61579   0.00084   0.00165   0.00082   0.00337   0.00000   0.00000   0.00619   0.00089   0.00089   1.91991   2.13839   2.76758   0.04040   0.00031   1.39989  
106  0.0291   7476.792976  x:  0.00000   0.00000   0.00085   0.00045   0.00192   0.10232   0.12449   0.61542   0.00083   0.00168   0.00082   0.00333   0.00000   0.00000   0.00619   0.00090   0.00089   1.91745   2.06840   2.83376   0.04361   0.00071   1.40244  
107  0.0700   7476.754229  x:  0.00000   0.00000   0.00079   0.00051   0.00189   0.10140   0.12476   0.61376   0.00078   0.00168   0.00076   0.00323   0.00000   0.00000   0.00618   0.00093   0.00087   1.91332   2.08216   2.86066   0.04828   0.00000   1.41888  
108  0.0076   7476.730531  x:  0.00000   0.00000   0.00077   0.00057   0.00183   0.10125   0.12477   0.61334   0.00077   0.00167   0.00075   0.00323   0.00000   0.00000   0.00617   0.00095   0.00087   1.91291   2.02347   2.93825   0.05304   0.00000   1.43570  
109  0.1971   7476.677096  x:  0.00000   0.00000   0.00080   0.00058   0.00176   0.10244   0.12421   0.61531   0.00082   0.00159   0.00078   0.00338   0.00000   0.00000   0.00618   0.00094   0.00087   1.91913   1.97061   3.06327   0.06306   0.00000   1.49527  
110  0.1004   7476.675365  x:  0.00000   0.00000   0.00080   0.00058   0.00176   0.10249   0.12419   0.61539   0.00082   0.00159   0.00079   0.00338   0.00000   0.00000   0.00618   0.00094   0.00087   1.91938   1.96849   3.06829   0.06346   0.00020   1.49766  
111 548.6946   7476.655877  x:  0.00000   0.00000   0.00081   0.00054   0.00180   0.10277   0.12406   0.61598   0.00083   0.00159   0.00080   0.00341   0.00000   0.00000   0.00619   0.00093   0.00088   1.92099   1.97967   3.06838   0.06377   0.00000   1.50661  
112  0.0588   7476.605960  x:  0.00000   0.00000   0.00084   0.00042   0.00198   0.10359   0.12372   0.61822   0.00086   0.00162   0.00084   0.00346   0.00000   0.00000   0.00621   0.00091   0.00089   1.92612   2.01830   3.09914   0.06828   0.00000   1.56142  
113  0.3242   7476.512488  x:  0.00000   0.00000   0.00089   0.00039   0.00208   0.10409   0.12373   0.62080   0.00090   0.00171   0.00089   0.00352   0.00000   0.00000   0.00626   0.00088   0.00091   1.93155   1.93619   3.25585   0.08476   0.00000   1.66191  
114  0.2507   7476.420638  x:  0.00000   0.00000   0.00092   0.00033   0.00223   0.10393   0.12434   0.62239   0.00092   0.00177   0.00092   0.00348   0.00000   0.00000   0.00625   0.00086   0.00092   1.93260   1.84466   3.35715   0.10151   0.00000   1.75964  
115  0.1194   7476.387324  x:  0.00000   0.00000   0.00094   0.00029   0.00232   0.10383   0.12471   0.62336   0.00094   0.00181   0.00093   0.00346   0.00000   0.00000   0.00624   0.00085   0.00092   1.93324   1.78928   3.41844   0.11165   0.00113   1.81878  
116 5687.3691   7476.177787  x:  0.00000   0.00000   0.00088   0.00021   0.00244   0.10223   0.12609   0.62203   0.00087   0.00180   0.00087   0.00323   0.00000   0.00000   0.00614   0.00088   0.00090   1.92502   1.68128   3.32303   0.11830   0.00037   1.82990  
117  0.1129   7476.094974  x:  0.00000   0.00000   0.00084   0.00000   0.00261   0.10361   0.12532   0.62625   0.00084   0.00170   0.00083   0.00328   0.00000   0.00000   0.00615   0.00090   0.00088   1.93258   1.65083   3.39329   0.13127   0.00036   1.92243  
118  0.1401   7476.009564  x:  0.00000   0.00000   0.00076   0.00000   0.00287   0.10660   0.12339   0.63417   0.00077   0.00150   0.00075   0.00344   0.00000   0.00000   0.00620   0.00094   0.00086   1.94827   1.69268   3.46464   0.14476   0.00029   2.05345  
119  0.1533   7475.917266  x:  0.00000   0.00000   0.00078   0.00000   0.00277   0.10731   0.12330   0.63660   0.00079   0.00155   0.00076   0.00350   0.00000   0.00000   0.00624   0.00093   0.00086   1.95350   1.73336   3.49273   0.15085   0.00000   2.12879  
120  0.1012   7475.631162  x:  0.00000   0.00000   0.00090   0.00000   0.00255   0.10906   0.12513   0.64862   0.00087   0.00181   0.00083   0.00365   0.00000   0.00000   0.00636   0.00088   0.00090   1.97139   1.86456   3.80839   0.20969   0.00000   2.69752  
121  0.8675   7475.630979  x:  0.00000   0.00000   0.00090   0.00000   0.00254   0.10911   0.12517   0.64891   0.00087   0.00181   0.00083   0.00365   0.00000   0.00000   0.00636   0.00088   0.00091   1.97181   1.86767   3.81587   0.21109   0.00001   2.71100  
122 80058.4409   7475.537833  x:  0.00000   0.00000   0.00091   0.00000   0.00250   0.10842   0.12650   0.64967   0.00088   0.00182   0.00084   0.00363   0.00000   0.00000   0.00634   0.00087   0.00091   1.96872   1.97120   3.88909   0.22553   0.00003   2.88217  
123  0.5523   7475.522372  x:  0.00000   0.00000   0.00091   0.00000   0.00251   0.10805   0.12681   0.64911   0.00088   0.00181   0.00083   0.00361   0.00000   0.00000   0.00632   0.00087   0.00092   1.96652   1.97846   3.89321   0.22723   0.00000   2.89849  
124  0.2732   7475.369511  x:  0.00000   0.00000   0.00086   0.00000   0.00254   0.10402   0.13034   0.64393   0.00085   0.00172   0.00081   0.00341   0.00000   0.00000   0.00619   0.00086   0.00089   1.94446   1.96278   3.99547   0.26176   0.00000   3.15911  
125  0.3639   7475.369436  x:  0.00000   0.00000   0.00086   0.00000   0.00254   0.10393   0.13042   0.64381   0.00085   0.00172   0.00081   0.00341   0.00000   0.00000   0.00618   0.00086   0.00089   1.94395   1.96241   3.99785   0.26257   0.00001   3.16517  
126 46397.7105   7475.346176  x:  0.00000   0.00000   0.00081   0.00000   0.00254   0.10357   0.13039   0.64432   0.00082   0.00163   0.00079   0.00335   0.00000   0.00000   0.00619   0.00091   0.00087   1.94559   2.01686   4.05973   0.27779   0.00001   3.31934  
127  0.1366   7475.346152  x:  0.00000   0.00000   0.00081   0.00000   0.00253   0.10358   0.13037   0.64437   0.00082   0.00163   0.00079   0.00335   0.00000   0.00000   0.00619   0.00091   0.00087   1.94574   2.01871   4.06134   0.27814   0.00001   3.32330  
128  0.9173   7475.346152  x:  0.00000   0.00000   0.00081   0.00000   0.00253   0.10358   0.13037   0.64437   0.00082   0.00163   0.00079   0.00335   0.00000   0.00000   0.00619   0.00091   0.00087   1.94576   2.01896   4.06155   0.27819   0.00001   3.32382  
129  7.2979   7475.342431  x:  0.00000   0.00000   0.00083   0.00000   0.00247   0.10412   0.12991   0.64509   0.00083   0.00166   0.00080   0.00340   0.00000   0.00000   0.00622   0.00090   0.00088   1.94766   2.02868   4.08115   0.28305   0.00001   3.37294  
130  0.0359   7475.341704  x:  0.00000   0.00000   0.00084   0.00000   0.00250   0.10431   0.12985   0.64511   0.00084   0.00168   0.00080   0.00340   0.00000   0.00000   0.00622   0.00090   0.00089   1.94773   2.02821   4.08107   0.28424   0.00001   3.38331  
131  0.0059   7475.341633  x:  0.00000   0.00000   0.00084   0.00000   0.00251   0.10437   0.12989   0.64526   0.00084   0.00168   0.00081   0.00340   0.00000   0.00000   0.00622   0.00090   0.00089   1.94806   2.02687   4.08093   0.28500   0.00001   3.38988  
132  0.0082   7475.341623  x:  0.00000   0.00000   0.00084   0.00000   0.00251   0.10438   0.12992   0.64535   0.00084   0.00168   0.00081   0.00340   0.00000   0.00000   0.00622   0.00090   0.00089   1.94817   2.02629   4.08086   0.28530   0.00001   3.39276  
133  0.0221   7475.341621  x:  0.00000   0.00000   0.00084   0.00000   0.00251   0.10439   0.12993   0.64540   0.00084   0.00167   0.00081   0.00340   0.00000   0.00000   0.00622   0.00090   0.00089   1.94822   2.02607   4.08088   0.28544   0.00001   3.39430  
134  0.0406   7475.341621  x:  0.00000   0.00000   0.00084   0.00000   0.00251   0.10439   0.12994   0.64544   0.00084   0.00167   0.00081   0.00340   0.00000   0.00000   0.00622   0.00090   0.00089   1.94826   2.02596   4.08091   0.28554   0.00001   3.39536  
135  0.0640   7475.341620  x:  0.00000   0.00000   0.00084   0.00000   0.00251   0.10439   0.12994   0.64547   0.00084   0.00167   0.00081   0.00340   0.00000   0.00000   0.00622   0.00090   0.00089   1.94828   2.02590   4.08095   0.28561   0.00001   3.39627  
136  0.0939   7475.341620  x:  0.00000   0.00000   0.00084   0.00000   0.00251   0.10439   0.12995   0.64549   0.00084   0.00167   0.00081   0.00340   0.00000   0.00000   0.00622   0.00090   0.00089   1.94831   2.02587   4.08101   0.28567   0.00001   3.39710  
137  0.1301   7475.341620  x:  0.00000   0.00000   0.00084   0.00000   0.00251   0.10439   0.12996   0.64551   0.00084   0.00167   0.00081   0.00340   0.00000   0.00000   0.00622   0.00090   0.00089   1.94833   2.02586   4.08107   0.28573   0.00001   3.39790  
138  0.1743   7475.341619  x:  0.00000   0.00000   0.00084   0.00000   0.00251   0.10439   0.12996   0.64553   0.00084   0.00167   0.00081   0.00340   0.00000   0.00000   0.00622   0.00090   0.00089   1.94835   2.02586   4.08113   0.28578   0.00001   3.39865  
139  0.2279   7475.341619  x:  0.00000   0.00000   0.00084   0.00000   0.00251   0.10440   0.12996   0.64555   0.00084   0.00167   0.00081   0.00340   0.00000   0.00000   0.00622   0.00090   0.00089   1.94837   2.02586   4.08120   0.28583   0.00001   3.39937  
140  0.2937   7475.341619  x:  0.00000   0.00000   0.00084   0.00000   0.00251   0.10440   0.12997   0.64557   0.00084   0.00167   0.00081   0.00340   0.00000   0.00000   0.00622   0.00090   0.00089   1.94838   2.02588   4.08126   0.28587   0.00001   3.40004  
141  0.3748   7475.341619  x:  0.00000   0.00000   0.00084   0.00000   0.00251   0.10440   0.12997   0.64559   0.00084   0.00167   0.00081   0.00340   0.00000   0.00000   0.00622   0.00090   0.00089   1.94840   2.02590   4.08132   0.28591   0.00001   3.40065  
142  0.4769   7475.341619  x:  0.00000   0.00000   0.00084   0.00000   0.00251   0.10440   0.12998   0.64560   0.00084   0.00167   0.00081   0.00340   0.00000   0.00000   0.00622   0.00090   0.00089   1.94841   2.02592   4.08138   0.28595   0.00001   3.40121  
143  0.6074   7475.341619  x:  0.00000   0.00000   0.00084   0.00000   0.00251   0.10440   0.12998   0.64561   0.00084   0.00167   0.00081   0.00340   0.00000   0.00000   0.00622   0.00090   0.00089   1.94842   2.02594   4.08143   0.28598   0.00001   3.40171  
144  0.7782   7475.341619  x:  0.00000   0.00000   0.00084   0.00000   0.00251   0.10440   0.12998   0.64563   0.00084   0.00167   0.00081   0.00340   0.00000   0.00000   0.00622   0.00090   0.00089   1.94844   2.02596   4.08148   0.28600   0.00001   3.40216  
145  1.0084   7475.341527  x:  0.00000   0.00000   0.00083   0.00000   0.00251   0.10431   0.13006   0.64572   0.00084   0.00167   0.00081   0.00340   0.00000   0.00000   0.00622   0.00090   0.00088   1.94839   2.02503   4.08047   0.28563   0.00001   3.39991  
146  0.0018   7475.341516  x:  0.00000   0.00000   0.00083   0.00000   0.00250   0.10428   0.13009   0.64580   0.00083   0.00166   0.00081   0.00340   0.00000   0.00000   0.00622   0.00090   0.00088   1.94835   2.02501   4.08047   0.28556   0.00001   3.40065  
147  0.0010   7475.341494  x:  0.00000   0.00000   0.00083   0.00000   0.00250   0.10424   0.13013   0.64597   0.00083   0.00166   0.00080   0.00340   0.00000   0.00000   0.00622   0.00090   0.00088   1.94830   2.02563   4.08101   0.28547   0.00001   3.40423  
148  0.0071   7475.341473  x:  0.00000   0.00000   0.00083   0.00000   0.00249   0.10421   0.13017   0.64616   0.00083   0.00166   0.00080   0.00340   0.00000   0.00000   0.00622   0.00091   0.00088   1.94827   2.02682   4.08199   0.28540   0.00001   3.40979  
149  0.0235   7475.341456  x:  0.00000   0.00000   0.00083   0.00000   0.00249   0.10419   0.13021   0.64634   0.00083   0.00166   0.00080   0.00340   0.00000   0.00000   0.00622   0.00091   0.00088   1.94826   2.02838   4.08326   0.28533   0.00001   3.41652  
150  0.0486   7475.341443  x:  0.00000   0.00000   0.00083   0.00000   0.00249   0.10418   0.13024   0.64648   0.00083   0.00166   0.00080   0.00340   0.00000   0.00000   0.00622   0.00091   0.00088   1.94827   2.03001   4.08458   0.28529   0.00001   3.42332  
151  0.0760   7475.341434  x:  0.00000   0.00000   0.00083   0.00000   0.00249   0.10418   0.13027   0.64660   0.00083   0.00166   0.00080   0.00340   0.00000   0.00000   0.00622   0.00091   0.00088   1.94829   2.03148   4.08578   0.28526   0.00001   3.42943  
152  0.1000   7475.341429  x:  0.00000   0.00000   0.00083   0.00000   0.00249   0.10418   0.13028   0.64668   0.00083   0.00166   0.00080   0.00340   0.00000   0.00000   0.00622   0.00091   0.00088   1.94831   2.03270   4.08679   0.28525   0.00001   3.43452  
153  0.1189   7475.341426  x:  0.00000   0.00000   0.00083   0.00000   0.00249   0.10418   0.13030   0.64674   0.00083   0.00166   0.00080   0.00340   0.00000   0.00000   0.00622   0.00091   0.00088   1.94833   2.03366   4.08760   0.28525   0.00001   3.43858  
154  0.1332   7475.341424  x:  0.00000   0.00000   0.00083   0.00000   0.00249   0.10418   0.13030   0.64679   0.00083   0.00166   0.00080   0.00340   0.00000   0.00000   0.00622   0.00091   0.00088   1.94835   2.03440   4.08822   0.28525   0.00001   3.44173  
155  0.1445   7475.341423  x:  0.00000   0.00000   0.00083   0.00000   0.00249   0.10419   0.13031   0.64682   0.00083   0.00166   0.00080   0.00340   0.00000   0.00000   0.00622   0.00091   0.00088   1.94836   2.03496   4.08869   0.28525   0.00001   3.44416  
156  0.1542   7475.341423  x:  0.00000   0.00000   0.00083   0.00000   0.00249   0.10419   0.13032   0.64685   0.00083   0.00166   0.00080   0.00340   0.00000   0.00000   0.00622   0.00091   0.00088   1.94837   2.03538   4.08905   0.28526   0.00001   3.44601  
157  0.1630   7475.341422  x:  0.00000   0.00000   0.00083   0.00000   0.00249   0.10419   0.13032   0.64687   0.00083   0.00166   0.00080   0.00340   0.00000   0.00000   0.00622   0.00091   0.00088   1.94838   2.03570   4.08932   0.28526   0.00001   3.44742  
158  0.1716   7475.341422  x:  0.00000   0.00000   0.00083   0.00000   0.00249   0.10419   0.13032   0.64688   0.00083   0.00166   0.00080   0.00340   0.00000   0.00000   0.00622   0.00091   0.00088   1.94839   2.03593   4.08953   0.28527   0.00001   3.44850  
159  0.1801   7475.341422  x:  0.00000   0.00000   0.00083   0.00000   0.00249   0.10419   0.13032   0.64689   0.00083   0.00166   0.00080   0.00340   0.00000   0.00000   0.00622   0.00091   0.00088   1.94839   2.03611   4.08969   0.28527   0.00001   3.44933  
160  0.1887   7475.341422  x:  0.00000   0.00000   0.00083   0.00000   0.00249   0.10419   0.13033   0.64690   0.00083   0.00166   0.00080   0.00340   0.00000   0.00000   0.00622   0.00091   0.00088   1.94840   2.03625   4.08981   0.28528   0.00001   3.44998  
161  0.1975   7475.341422  x:  0.00000   0.00000   0.00083   0.00000   0.00249   0.10420   0.13033   0.64691   0.00083   0.00166   0.00080   0.00340   0.00000   0.00000   0.00622   0.00091   0.00088   1.94840   2.03635   4.08990   0.28528   0.00001   3.45048  
162  0.2064   7475.341422  x:  0.00000   0.00000   0.00083   0.00000   0.00249   0.10420   0.13033   0.64691   0.00083   0.00166   0.00080   0.00340   0.00000   0.00000   0.00622   0.00091   0.00088   1.94840   2.03644   4.08997   0.28528   0.00001   3.45088  
163  0.2153   7475.341422  x:  0.00000   0.00000   0.00083   0.00000   0.00249   0.10420   0.13033   0.64692   0.00083   0.00166   0.00080   0.00340   0.00000   0.00000   0.00622   0.00091   0.00088   1.94840   2.03650   4.09003   0.28528   0.00001   3.45120  
164  0.2245   7475.341422  x:  0.00000   0.00000   0.00083   0.00000   0.00249   0.10420   0.13033   0.64692   0.00083   0.00166   0.00080   0.00340   0.00000   0.00000   0.00622   0.00091   0.00088   1.94841   2.03655   4.09008   0.28529   0.00001   3.45146  
165  0.2335   7475.341422  x:  0.00000   0.00000   0.00083   0.00000   0.00249   0.10420   0.13033   0.64692   0.00083   0.00166   0.00080   0.00340   0.00000   0.00000   0.00622   0.00091   0.00088   1.94841   2.03659   4.09012   0.28529   0.00001   3.45166  
166  0.2431   7475.341422  x:  0.00000   0.00000   0.00083   0.00000   0.00249   0.10420   0.13033   0.64692   0.00083   0.00166   0.00080   0.00340   0.00000   0.00000   0.00622   0.00091   0.00088   1.94841   2.03663   4.09015   0.28529   0.00001   3.45183  
167  0.2526   7475.341422  x:  0.00000   0.00000   0.00083   0.00000   0.00249   0.10420   0.13033   0.64693   0.00083   0.00166   0.00080   0.00340   0.00000   0.00000   0.00622   0.00091   0.00088   1.94841   2.03666   4.09017   0.28529   0.00001   3.45197  
168  0.2623   7475.341422  x:  0.00000   0.00000   0.00083   0.00000   0.00249   0.10420   0.13033   0.64693   0.00083   0.00166   0.00080   0.00340   0.00000   0.00000   0.00622   0.00091   0.00088   1.94841   2.03668   4.09019   0.28529   0.00001   3.45209  
169  0.2716   7475.341422  x:  0.00000   0.00000   0.00083   0.00000   0.00249   0.10420   0.13033   0.64693   0.00083   0.00166   0.00080   0.00340   0.00000   0.00000   0.00622   0.00091   0.00088   1.94841   2.03670   4.09021   0.28529   0.00001   3.45219  
170  0.2813   7475.341422  x:  0.00000   0.00000   0.00083   0.00000   0.00249   0.10420   0.13033   0.64693   0.00083   0.00166   0.00080   0.00340   0.00000   0.00000   0.00622   0.00091   0.00088   1.94841   2.03671   4.09022   0.28529   0.00001   3.45227  
171  0.2918   7475.341422  x:  0.00000   0.00000   0.00083   0.00000   0.00249   0.10420   0.13033   0.64693   0.00083   0.00166   0.00080   0.00340   0.00000   0.00000   0.00622   0.00091   0.00088   1.94841   2.03672   4.09023   0.28529   0.00001   3.45234  
172  0.3011   7475.341422  x:  0.00000   0.00000   0.00083   0.00000   0.00249   0.10420   0.13033   0.64693   0.00083   0.00166   0.00080   0.00340   0.00000   0.00000   0.00622   0.00091   0.00088   1.94841   2.03674   4.09024   0.28530   0.00001   3.45239  
173  0.3115   7475.341422  x:  0.00000   0.00000   0.00083   0.00000   0.00249   0.10420   0.13033   0.64693   0.00083   0.00166   0.00080   0.00340   0.00000   0.00000   0.00622   0.00091   0.00088   1.94841   2.03674   4.09025   0.28530   0.00001   3.45244  
174  0.3222   7475.341422  x:  0.00000   0.00000   0.00083   0.00000   0.00249   0.10420   0.13033   0.64693   0.00083   0.00166   0.00080   0.00340   0.00000   0.00000   0.00622   0.00091   0.00088   1.94841   2.03675   4.09026   0.28530   0.00001   3.45247  
175  0.3329   7475.341422  x:  0.00000   0.00000   0.00083   0.00000   0.00249   0.10420   0.13033   0.64693   0.00083   0.00166   0.00080   0.00340   0.00000   0.00000   0.00622   0.00091   0.00088   1.94841   2.03676   4.09026   0.28530   0.00001   3.45251  
176  0.3401   7475.341422  x:  0.00000   0.00000   0.00083   0.00000   0.00249   0.10420   0.13033   0.64693   0.00083   0.00166   0.00080   0.00340   0.00000   0.00000   0.00622   0.00091   0.00088   1.94841   2.03676   4.09027   0.28530   0.00001   3.45253  
177  0.3513   7475.341422  x:  0.00000   0.00000   0.00083   0.00000   0.00249   0.10420   0.13033   0.64693   0.00083   0.00166   0.00080   0.00340   0.00000   0.00000   0.00622   0.00091   0.00088   1.94841   2.03676   4.09027   0.28530   0.00001   3.45255  
178  0.3650   7475.341422  x:  0.00000   0.00000   0.00083   0.00000   0.00249   0.10420   0.13033   0.64693   0.00083   0.00166   0.00080   0.00340   0.00000   0.00000   0.00622   0.00091   0.00088   1.94841   2.03677   4.09027   0.28530   0.00001   3.45256  
179  0.3761   7475.341422  x:  0.00000   0.00000   0.00083   0.00000   0.00249   0.10420   0.13033   0.64693   0.00083   0.00166   0.00080   0.00340   0.00000   0.00000   0.00622   0.00091   0.00088   1.94841   2.03677   4.09027   0.28530   0.00001   3.45256  
180  0.3854   7475.341422  x:  0.00000   0.00000   0.00083   0.00000   0.00249   0.10420   0.13033   0.64693   0.00083   0.00166   0.00080   0.00340   0.00000   0.00000   0.00622   0.00091   0.00088   1.94841   2.03677   4.09027   0.28530   0.00001   3.45256  
check convergence!
