

TREE # 1

  0  0.0000   9778.156885  x:  0.04248   0.07108   0.05459   0.03451   0.07226   0.03806   0.10007   0.03608   0.04502   0.01628   0.08452   0.01664   0.08598   0.07005   0.06335   0.07070   0.10892   2.00000   1.00000  
  1 99.0000   8975.496456  x:  0.02450   0.05330   0.03678   0.01754   0.05504   0.06272   0.10319   0.18534   0.02736   0.00000   0.06688   0.00186   0.06816   0.05219   0.04794   0.05410   0.09246   2.00038   0.99427  
  2 11253.8764   8919.075216  x:  0.02201   0.05084   0.03431   0.01518   0.05265   0.06596   0.10360   0.20471   0.02491   0.00421   0.06443   0.00000   0.06569   0.04971   0.04580   0.05180   0.09018   2.00043   0.99348  
  3 128464.4073   8724.335635  x:  0.00577   0.03473   0.01829   0.00000   0.03706   0.07434   0.10501   0.24259   0.00910   0.01080   0.04878   0.05434   0.04985   0.03394   0.03267   0.03682   0.07529   2.00078   0.98829  
  4 10296.8371   8654.137034  x:  0.00000   0.02904   0.01273   0.00000   0.03169   0.07489   0.10520   0.24239   0.00381   0.01080   0.04318   0.05431   0.04415   0.02823   0.02820   0.03156   0.07003   2.00090   0.98644  
  5 6161.3270   8519.394541  x:  0.00000   0.01411   0.00000   0.00000   0.01939   0.07533   0.10536   0.24224   0.00821   0.01081   0.02870   0.05446   0.02904   0.01311   0.02037   0.01820   0.05622   2.00120   0.98159  
  6 19095.5680   8445.925919  x:  0.00000   0.00695   0.00000   0.00000   0.02007   0.07374   0.10502   0.24254   0.00778   0.01084   0.01758   0.05467   0.01595   0.00000   0.02507   0.00928   0.04467   2.00138   0.97746  
  7 9217.5203   8398.478192  x:  0.00000   0.00973   0.00000   0.00000   0.02149   0.07515   0.10540   0.24233   0.00836   0.01086   0.00737   0.05484   0.00000   0.00000   0.02374   0.00640   0.03128   2.00155   0.97247  
  8 6487.0382   8361.520183  x:  0.00000   0.00626   0.00000   0.00000   0.02060   0.07309   0.10486   0.24270   0.00815   0.01089   0.00302   0.05513   0.00000   0.00000   0.02353   0.01320   0.00000   2.00192   0.95970  
  9 3009.5130   8358.035522  x:  0.00000   0.00506   0.00000   0.00000   0.02036   0.07237   0.10468   0.24283   0.00784   0.01089   0.00033   0.05519   0.00000   0.00000   0.02334   0.01580   0.00004   2.00210   0.95377  
 10 668.7805   8306.552446  x:  0.00000   0.00000   0.00000   0.00000   0.02205   0.07305   0.10509   0.24287   0.00417   0.01092   0.00030   0.05572   0.00000   0.00000   0.01681   0.01159   0.00005   2.00502   0.86154  
 11 1628.2473   8306.552446  x:  0.00000   0.00000   0.00000   0.00000   0.02205   0.07305   0.10509   0.24287   0.00417   0.01092   0.00030   0.05572   0.00000   0.00000   0.01681   0.01159   0.00005   2.00502   0.86154  
 12 10427606.5362   8302.092381  x:  0.00000   0.00013   0.00096   0.00000   0.02204   0.07305   0.10509   0.24287   0.00417   0.01092   0.00031   0.05571   0.00000   0.00000   0.01680   0.01158   0.00010   2.00502   0.86153  
 13 210084.7571   8300.005112  x:  0.00000   0.00000   0.00096   0.00000   0.02191   0.07307   0.10509   0.24295   0.00405   0.01079   0.00043   0.05558   0.00000   0.00000   0.01672   0.01145   0.00086   2.00503   0.86148  
 14 7014.8014   8276.501983  x:  0.00000   0.00000   0.00104   0.00000   0.01760   0.07396   0.10530   0.24542   0.00015   0.00666   0.00252   0.05106   0.00000   0.00000   0.01381   0.00724   0.00071   2.00512   0.85976  
 15 3169.1111   8248.911781  x:  0.00000   0.00000   0.00113   0.00000   0.01106   0.07530   0.10561   0.24917   0.00081   0.00048   0.00424   0.04417   0.00000   0.00000   0.00947   0.00086   0.00062   2.00527   0.85714  
 16 13898.6074   8246.069709  x:  0.00000   0.00000   0.00113   0.00000   0.01004   0.07551   0.10566   0.24976   0.00079   0.00072   0.00412   0.04305   0.00000   0.00000   0.00885   0.00016   0.00063   2.00529   0.85671  
 17 6176.6567   8223.862782  x:  0.00000   0.00000   0.00118   0.00000   0.00109   0.07731   0.10607   0.25500   0.00069   0.00109   0.00309   0.03327   0.00000   0.00000   0.00351   0.00038   0.00072   2.00550   0.85297  
 18 12520.2103   8222.789596  x:  0.00000   0.00000   0.00119   0.00013   0.00047   0.07744   0.10610   0.25537   0.00068   0.00112   0.00301   0.03257   0.00000   0.00000   0.00314   0.00039   0.00073   2.00551   0.85270  
 19 162477.0832   8208.912153  x:  0.00000   0.00000   0.00119   0.00018   0.00135   0.07957   0.10660   0.26176   0.00027   0.00069   0.00095   0.02043   0.00000   0.00000   0.00082   0.00031   0.00089   2.00577   0.84802  
 20 3375.3072   8199.357267  x:  0.00000   0.00000   0.00119   0.00017   0.00128   0.08086   0.10691   0.26565   0.00010   0.00047   0.00008   0.01306   0.00000   0.00000   0.00111   0.00026   0.00095   2.00593   0.84517  
 21 33552.8549   8185.992167  x:  0.00000   0.00000   0.00120   0.00019   0.00141   0.08275   0.10735   0.27138   0.00014   0.00059   0.00020   0.00218   0.00000   0.00000   0.00128   0.00030   0.00094   2.00616   0.84096  
 22 101027.1946   8109.502865  x:  0.00000   0.00000   0.00004   0.00039   0.00357   0.13131   0.11841   0.43824   0.00064   0.00230   0.00027   0.01020   0.00000   0.00000   0.00284   0.00089   0.00091   2.01350   0.70768  
 23 1010.6760   7814.167966  x:  0.00000   0.00000   0.02552   0.00141   0.01443   0.34559   0.16198   1.24586   0.00332   0.01132   0.00029   0.04826   0.00000   0.00000   0.01031   0.00397   0.00085   2.05103   0.02157  
 24 16502.6462   7813.314414  x:  0.00000   0.00000   0.02553   0.00141   0.01444   0.34494   0.16126   1.24703   0.00332   0.01132   0.00029   0.04827   0.00000   0.00000   0.01031   0.00397   0.00085   2.05112   0.01906  
 25 1398.3516   7771.919443  x:  0.00000   0.00000   0.02658   0.00145   0.01479   0.23571   0.04939   1.39862   0.00341   0.01162   0.00031   0.04979   0.00000   0.00000   0.01060   0.00408   0.00084   2.06305   0.01915  
 26 387.8125   7760.894610  x:  0.00000   0.00000   0.02652   0.00145   0.01448   0.12407   0.10511   1.46438   0.00336   0.01145   0.00032   0.04926   0.00000   0.00000   0.01046   0.00402   0.00084   2.07385   0.01873  
 27 204.0069   7746.118116  x:  0.00000   0.00000   0.02361   0.00129   0.01297   0.11727   0.12798   1.35763   0.00292   0.00996   0.00048   0.04401   0.00000   0.00000   0.00966   0.00353   0.00082   4.15976   0.02363  
 28 10.6649   7636.402867  x:  0.00000   0.00000   0.00981   0.00026   0.00263   0.12257   0.18270   0.80675   0.00039   0.00000   0.00158   0.00978   0.00000   0.00000   0.00517   0.00031   0.00079   3.28284   0.02809  
 29  0.7388   7612.732533  x:  0.00000   0.00000   0.00718   0.00018   0.00160   0.12431   0.19247   0.68674   0.00044   0.00094   0.00095   0.00172   0.00000   0.00000   0.00399   0.00038   0.00084   3.03782   0.02901  
 30  2.9065   7601.998717  x:  0.00000   0.00000   0.00872   0.00033   0.00289   0.11259   0.15900   0.75302   0.00048   0.00095   0.00137   0.00974   0.00000   0.00000   0.00504   0.00059   0.00082   2.36487   0.02876  
 31  1.8413   7586.763353  x:  0.00000   0.00000   0.00670   0.00032   0.00240   0.10287   0.13775   0.66427   0.00045   0.00095   0.00122   0.00704   0.00000   0.00000   0.00462   0.00059   0.00084   1.51335   0.03006  
 32  8.1310   7576.808771  x:  0.00000   0.00000   0.00422   0.00034   0.00215   0.08977   0.10899   0.56428   0.00061   0.00094   0.00089   0.00445   0.00000   0.00000   0.00421   0.00065   0.00088   1.76489   0.03343  
 33  0.6272   7575.040237  x:  0.00000   0.00000   0.00344   0.00036   0.00210   0.09890   0.11841   0.52141   0.00064   0.00094   0.00082   0.00361   0.00000   0.00000   0.00416   0.00068   0.00089   1.76442   0.03475  
 34  0.1095   7574.105341  x:  0.00000   0.00000   0.00353   0.00039   0.00212   0.09125   0.13095   0.53970   0.00077   0.00094   0.00073   0.00276   0.00000   0.00000   0.00436   0.00074   0.00089   1.84437   0.03618  
 35  0.1000   7573.158694  x:  0.00000   0.00000   0.00349   0.00046   0.00215   0.10380   0.12291   0.55051   0.00080   0.00094   0.00080   0.00335   0.00000   0.00000   0.00491   0.00083   0.00089   1.88500   0.03904  
 36  0.0378   7572.225132  x:  0.00000   0.00000   0.00230   0.00053   0.00176   0.09594   0.12237   0.52954   0.00070   0.00094   0.00089   0.00310   0.00000   0.00000   0.00538   0.00090   0.00089   1.80600   0.04257  
 37  0.0653   7571.614552  x:  0.00000   0.00000   0.00139   0.00061   0.00118   0.09274   0.12688   0.53788   0.00077   0.00095   0.00093   0.00404   0.00000   0.00000   0.00594   0.00092   0.00089   1.88339   0.04318  
 38  0.0239   7570.982034  x:  0.00000   0.00000   0.00067   0.00072   0.00110   0.09820   0.12187   0.54821   0.00094   0.00095   0.00082   0.00340   0.00000   0.00000   0.00636   0.00094   0.00090   1.88027   0.04193  
 39  0.0109   7570.747216  x:  0.00000   0.00000   0.00097   0.00074   0.00140   0.09977   0.12165   0.55701   0.00097   0.00095   0.00079   0.00326   0.00000   0.00000   0.00630   0.00092   0.00090   1.85202   0.03984  
 40  0.0482   7570.673722  x:  0.00000   0.00000   0.00078   0.00077   0.00143   0.09810   0.12344   0.55539   0.00091   0.00095   0.00083   0.00338   0.00000   0.00000   0.00636   0.00091   0.00089   1.82963   0.03902  
 41  0.0271   7570.653182  x:  0.00000   0.00000   0.00079   0.00079   0.00132   0.09767   0.12325   0.55282   0.00080   0.00095   0.00089   0.00328   0.00000   0.00000   0.00630   0.00090   0.00089   1.82678   0.03918  
 42  0.0015   7570.547106  x:  0.00000   0.00000   0.00082   0.00102   0.00117   0.09842   0.12308   0.55572   0.00074   0.00096   0.00088   0.00342   0.00000   0.00000   0.00637   0.00091   0.00088   1.84219   0.03911  
 43  0.0020   7570.473295  x:  0.00000   0.00000   0.00084   0.00139   0.00109   0.09811   0.12308   0.55400   0.00081   0.00097   0.00074   0.00333   0.00000   0.00000   0.00637   0.00093   0.00089   1.83017   0.03919  
 44  0.0069   7570.469270  x:  0.00000   0.00000   0.00084   0.00139   0.00111   0.09765   0.12345   0.55232   0.00078   0.00097   0.00078   0.00336   0.00000   0.00000   0.00634   0.00092   0.00089   1.82965   0.03918  
 45  0.0014   7570.460035  x:  0.00000   0.00000   0.00084   0.00142   0.00109   0.09781   0.12339   0.55283   0.00083   0.00097   0.00083   0.00329   0.00000   0.00000   0.00620   0.00084   0.00089   1.82948   0.03908  
 46  0.0001   7570.457959  x:  0.00000   0.00000   0.00084   0.00143   0.00111   0.09777   0.12337   0.55290   0.00084   0.00098   0.00083   0.00335   0.00000   0.00000   0.00621   0.00085   0.00089   1.83022   0.03925  
 47  0.0006   7570.455106  x:  0.00000   0.00000   0.00082   0.00148   0.00108   0.09794   0.12314   0.55335   0.00083   0.00098   0.00086   0.00334   0.00000   0.00000   0.00615   0.00088   0.00089   1.83048   0.03924  
 48  0.0001   7570.452928  x:  0.00000   0.00000   0.00084   0.00146   0.00111   0.09788   0.12334   0.55330   0.00084   0.00098   0.00086   0.00333   0.00000   0.00000   0.00609   0.00091   0.00089   1.83082   0.03915  
 49  0.0002   7570.451046  x:  0.00000   0.00000   0.00083   0.00142   0.00108   0.09766   0.12351   0.55295   0.00086   0.00099   0.00086   0.00334   0.00000   0.00000   0.00605   0.00093   0.00090   1.82905   0.03920  
 50  0.0006   7570.440423  x:  0.00000   0.00000   0.00079   0.00140   0.00111   0.09803   0.12281   0.55264   0.00087   0.00100   0.00085   0.00332   0.00000   0.00000   0.00605   0.00094   0.00090   1.83142   0.03927  
 51  0.0003   7570.385121  x:  0.00000   0.00000   0.00069   0.00131   0.00120   0.09947   0.12038   0.55262   0.00086   0.00116   0.00078   0.00334   0.00000   0.00000   0.00592   0.00091   0.00091   1.83707   0.03946  
 52  0.0018   7570.289257  x:  0.00000   0.00000   0.00087   0.00138   0.00119   0.09817   0.12323   0.55476   0.00074   0.00137   0.00074   0.00337   0.00000   0.00000   0.00571   0.00083   0.00091   1.83113   0.03926  
 53  0.0021   7570.263361  x:  0.00000   0.00000   0.00074   0.00140   0.00111   0.09743   0.12417   0.55519   0.00076   0.00148   0.00075   0.00338   0.00000   0.00000   0.00576   0.00086   0.00091   1.82840   0.03919  
 54  0.0011   7570.218535  x:  0.00000   0.00000   0.00082   0.00139   0.00111   0.09827   0.12243   0.55317   0.00083   0.00169   0.00080   0.00332   0.00000   0.00000   0.00606   0.00088   0.00089   1.83451   0.03932  
 55  0.0016   7570.213907  x:  0.00000   0.00000   0.00083   0.00140   0.00111   0.09780   0.12340   0.55313   0.00083   0.00168   0.00083   0.00334   0.00000   0.00000   0.00615   0.00089   0.00088   1.82931   0.03918  
 56  0.0042   7570.213737  x:  0.00000   0.00000   0.00083   0.00139   0.00111   0.09782   0.12335   0.55306   0.00083   0.00167   0.00083   0.00333   0.00000   0.00000   0.00617   0.00089   0.00088   1.82996   0.03919  
 57  0.0005   7570.213715  x:  0.00000   0.00000   0.00083   0.00140   0.00111   0.09783   0.12332   0.55306   0.00083   0.00166   0.00083   0.00333   0.00000   0.00000   0.00617   0.00089   0.00089   1.82987   0.03919  
 58  0.0000   7570.213704  x:  0.00000   0.00000   0.00083   0.00139   0.00111   0.09782   0.12333   0.55305   0.00083   0.00167   0.00083   0.00333   0.00000   0.00000   0.00617   0.00089   0.00089   1.82986   0.03919  
 59  0.0000   7570.213704  x:  0.00000   0.00000   0.00083   0.00139   0.00111   0.09782   0.12333   0.55305   0.00083   0.00167   0.00083   0.00333   0.00000   0.00000   0.00617   0.00089   0.00089   1.82986   0.03919  