

TREE # 1

  0  0.0000   9942.505075  x:  0.07008   0.10016   0.05720   0.10394   0.01574   0.06102   0.02014   0.03975   0.03900   0.09247   0.08844   0.01713   0.07412   0.09709   0.06096   0.02895   0.05699   1.12984   1.08586   1.11386   1.06733   1.01471   0.91051   1.15505   0.90432   0.97011   0.92899   1.05493   0.90182   1.18673   1.16621   1.04560   1.06644   1.10966   0.96070  
  1 99.0000   9327.661553  x:  0.05137   0.08203   0.07505   0.16105   0.12202   0.04329   0.00201   0.02325   0.02022   0.07381   0.07159   0.00000   0.05669   0.07844   0.04244   0.01060   0.03903   1.13213   1.08585   1.11382   1.06612   1.01042   0.90908   1.15502   0.90431   0.97009   0.92899   1.05492   0.90182   1.18671   1.16620   1.04559   1.06643   1.10966   0.96068  
  2 9002.7685   9284.320970  x:  0.04875   0.07948   0.07579   0.16499   0.12120   0.04079   0.00000   0.02118   0.01758   0.07119   0.06929   0.00164   0.05428   0.07581   0.03985   0.00815   0.03656   1.13245   1.08585   1.11382   1.06597   1.00982   0.90883   1.15502   0.90431   0.97009   0.92898   1.05492   0.90182   1.18671   1.16620   1.04558   1.06643   1.10966   0.96067  
  3 6152.7071   9148.166474  x:  0.03994   0.07087   0.07805   0.17755   0.11697   0.03237   0.00000   0.01435   0.00864   0.06230   0.06146   0.00059   0.04609   0.06693   0.03110   0.00000   0.02823   1.13351   1.08585   1.11381   1.06548   1.00781   0.90799   1.15501   0.90431   0.97008   0.92898   1.05491   0.90182   1.18671   1.16620   1.04558   1.06643   1.10966   0.96067  
  4 103120.5827   9059.662635  x:  0.03363   0.06470   0.07960   0.18613   0.11417   0.02635   0.00000   0.00974   0.00224   0.05592   0.05586   0.00000   0.04021   0.06059   0.02491   0.00104   0.02231   1.13427   1.08585   1.11380   1.06512   1.00636   0.90739   1.15500   0.90431   0.97007   0.92898   1.05491   0.90181   1.18671   1.16619   1.04557   1.06643   1.10966   0.96066  
  5 46726.0491   9036.312194  x:  0.03163   0.06266   0.07958   0.18630   0.11410   0.02442   0.00000   0.01062   0.00000   0.05369   0.05402   0.00001   0.03816   0.05836   0.02284   0.00107   0.02064   1.13451   1.08585   1.11380   1.06499   1.00585   0.90720   1.15500   0.90431   0.97007   0.92898   1.05491   0.90182   1.18670   1.16620   1.04557   1.06643   1.10966   0.96066  
  6 13452.9686   8827.028009  x:  0.00900   0.03913   0.07736   0.17612   0.11645   0.00484   0.00000   0.00409   0.00000   0.02657   0.03334   0.00045   0.01347   0.03132   0.00000   0.00119   0.00729   1.13726   1.08589   1.11384   1.06345   0.99955   0.90486   1.15503   0.90429   0.97007   0.92902   1.05493   0.90198   1.18659   1.16631   1.04559   1.06646   1.10968   0.96068  
  7 33515.5628   8785.614460  x:  0.00346   0.03338   0.07688   0.17398   0.11695   0.00000   0.00000   0.00277   0.00000   0.01998   0.02828   0.00055   0.00747   0.02474   0.00003   0.00118   0.00391   1.13793   1.08590   1.11385   1.06307   0.99802   0.90429   1.15504   0.90428   0.97007   0.92903   1.05493   0.90202   1.18657   1.16633   1.04559   1.06646   1.10968   0.96068  
  8 27674.7057   8785.614460  x:  0.00346   0.03338   0.07688   0.17398   0.11695   0.00000   0.00000   0.00277   0.00000   0.01998   0.02828   0.00055   0.00747   0.02474   0.00003   0.00118   0.00391   1.13793   1.08590   1.11385   1.06307   0.99802   0.90429   1.15504   0.90428   0.97007   0.92903   1.05493   0.90202   1.18657   1.16633   1.04559   1.06646   1.10968   0.96068  
  9 275161.3649   8780.942597  x:  0.00342   0.03332   0.07690   0.17406   0.11695   0.00011   0.00089   0.00280   0.00000   0.01992   0.02823   0.00058   0.00742   0.02468   0.00132   0.00116   0.00389   1.13794   1.08590   1.11385   1.06307   0.99801   0.90429   1.15504   0.90428   0.97007   0.92903   1.05493   0.90202   1.18657   1.16633   1.04559   1.06646   1.10968   0.96068  
 10 33177.4624   8752.850173  x:  0.00013   0.02976   0.07809   0.17948   0.11735   0.00543   0.00121   0.00506   0.00000   0.01606   0.02520   0.00213   0.00422   0.02082   0.00100   0.00000   0.00246   1.13838   1.08589   1.11385   1.06285   0.99713   0.90393   1.15504   0.90428   0.97007   0.92903   1.05493   0.90202   1.18656   1.16633   1.04559   1.06646   1.10968   0.96068  
 11 3840.2183   8751.257804  x:  0.00000   0.02963   0.07814   0.17969   0.11737   0.00564   0.00122   0.00515   0.00000   0.01591   0.02508   0.00219   0.00409   0.02067   0.00098   0.00001   0.00241   1.13840   1.08589   1.11385   1.06284   0.99709   0.90392   1.15504   0.90428   0.97007   0.92903   1.05493   0.90202   1.18656   1.16633   1.04559   1.06646   1.10968   0.96068  
 12 328648.1442   8718.144139  x:  0.00000   0.02464   0.07966   0.18689   0.11788   0.00577   0.00085   0.00601   0.00000   0.01059   0.02091   0.00088   0.00000   0.01535   0.00126   0.00001   0.00190   1.13901   1.08589   1.11384   1.06254   0.99588   0.90343   1.15504   0.90428   0.97007   0.92903   1.05493   0.90203   1.18656   1.16633   1.04559   1.06646   1.10968   0.96068  
 13 10526.7862   8698.018093  x:  0.00000   0.02111   0.08074   0.19200   0.11825   0.00594   0.00061   0.00665   0.00000   0.00681   0.01796   0.00000   0.00001   0.01158   0.00145   0.00001   0.00153   1.13944   1.08589   1.11384   1.06232   0.99502   0.90308   1.15504   0.90429   0.97007   0.92903   1.05493   0.90203   1.18656   1.16633   1.04559   1.06646   1.10968   0.96068  
 14 29852.2391   8656.241741  x:  0.00000   0.01474   0.08268   0.20119   0.11891   0.00559   0.00009   0.00759   0.00000   0.00000   0.01263   0.00002   0.00002   0.00477   0.00184   0.00001   0.00100   1.14023   1.08589   1.11383   1.06194   0.99347   0.90245   1.15504   0.90429   0.97006   0.92903   1.05493   0.90203   1.18655   1.16633   1.04559   1.06646   1.10968   0.96068  
 15 241615.8958   8632.781339  x:  0.00000   0.01028   0.08402   0.20759   0.11937   0.00528   0.00043   0.00820   0.00000   0.00000   0.00891   0.00002   0.00003   0.00000   0.00163   0.00001   0.00083   1.14078   1.08589   1.11383   1.06167   0.99239   0.90202   1.15503   0.90429   0.97006   0.92903   1.05493   0.90203   1.18655   1.16633   1.04559   1.06646   1.10969   0.96068  
 16 337201.9133   8607.206527  x:  0.00000   0.00085   0.08676   0.22085   0.12031   0.00571   0.00038   0.00908   0.00000   0.00000   0.00160   0.00002   0.00003   0.00000   0.00170   0.00001   0.00460   1.14196   1.08589   1.11382   1.06108   0.99004   0.90107   1.15503   0.90429   0.97005   0.92903   1.05492   0.90204   1.18655   1.16634   1.04559   1.06647   1.10969   0.96067  
 17 40197.6947   8604.834758  x:  0.00000   0.00000   0.08712   0.22271   0.12044   0.00577   0.00039   0.00890   0.00000   0.00000   0.00224   0.00002   0.00003   0.00000   0.00170   0.00001   0.00478   1.14215   1.08589   1.11382   1.06099   0.98966   0.90092   1.15503   0.90429   0.97005   0.92903   1.05492   0.90204   1.18654   1.16634   1.04559   1.06647   1.10969   0.96067  
 18 3589.7494   8545.787446  x:  0.00000   0.00312   0.10403   0.31056   0.12650   0.00765   0.00063   0.00134   0.00000   0.00000   0.01693   0.00004   0.00005   0.00000   0.00162   0.00002   0.01435   1.15109   1.08588   1.11378   1.05655   0.97175   0.89377   1.15500   0.90430   0.97000   0.92903   1.05492   0.90209   1.18650   1.16634   1.04558   1.06647   1.10970   0.96064  
 19 7768.2709   8539.594797  x:  0.00000   0.00399   0.10652   0.32601   0.12745   0.00588   0.00070   0.00745   0.00000   0.00000   0.02090   0.00005   0.00006   0.00000   0.00161   0.00002   0.01710   1.15300   1.08588   1.11377   1.05559   0.96787   0.89224   1.15499   0.90431   0.96999   0.92903   1.05492   0.90210   1.18649   1.16634   1.04557   1.06647   1.10970   0.96063  
 20 6883.1556   8509.193099  x:  0.00000   0.00410   0.05182   0.34650   0.11288   0.00550   0.00071   0.00749   0.00000   0.00000   0.02125   0.00005   0.00006   0.00000   0.00154   0.00002   0.01735   1.19604   1.08584   1.11364   1.03324   0.87503   0.85735   1.15483   0.90437   0.96972   0.92903   1.05496   0.90239   1.18627   1.16639   1.04560   1.06649   1.10978   0.96042  
 21 432.3510   8118.387067  x:  0.00000   0.00428   0.03364   0.35935   0.10546   0.00000   0.00069   0.00749   0.00000   0.00000   0.02167   0.00004   0.00006   0.00000   0.00109   0.00002   0.01749   1.49997   1.08558   1.11274   0.87707   0.19502   0.60260   1.15366   0.90486   0.96779   0.92903   1.05524   0.90445   1.18471   1.16674   1.04582   1.06660   1.11034   0.95888  
 22 1736.2502   8118.387067  x:  0.00000   0.00428   0.03364   0.35935   0.10546   0.00000   0.00069   0.00749   0.00000   0.00000   0.02167   0.00004   0.00006   0.00000   0.00109   0.00002   0.01749   1.49997   1.08558   1.11274   0.87707   0.19502   0.60260   1.15366   0.90486   0.96779   0.92903   1.05524   0.90445   1.18471   1.16674   1.04582   1.06660   1.11034   0.95888  
 23 191705.7279   8105.314675  x:  0.00000   0.00427   0.03367   0.35936   0.10547   0.00244   0.00070   0.00748   0.00000   0.00000   0.02165   0.00058   0.00047   0.00000   0.00108   0.00104   0.01746   1.49997   1.08558   1.11274   0.87706   0.19500   0.60259   1.15366   0.90486   0.96779   0.92903   1.05524   0.90445   1.18471   1.16674   1.04582   1.06660   1.11034   0.95888  
 24 105746.4850   8092.505299  x:  0.00000   0.00146   0.03775   0.36084   0.10718   0.00185   0.00123   0.00611   0.00000   0.00000   0.01858   0.00243   0.00377   0.00000   0.00010   0.00026   0.01399   1.50017   1.08558   1.11273   0.87690   0.19239   0.60200   1.15366   0.90486   0.96778   0.92903   1.05524   0.90445   1.18471   1.16674   1.04582   1.06660   1.11034   0.95888  
 25 2638.2043   8087.506146  x:  0.00000   0.00000   0.03994   0.36164   0.10811   0.00148   0.00144   0.00539   0.00000   0.00000   0.01691   0.00325   0.00530   0.00000   0.00076   0.00017   0.01210   1.50028   1.08558   1.11273   0.87681   0.19097   0.60168   1.15366   0.90486   0.96778   0.92903   1.05524   0.90445   1.18471   1.16674   1.04582   1.06660   1.11034   0.95888  
 26 35049.1753   8078.598840  x:  0.00000   0.00025   0.04441   0.36331   0.11001   0.00028   0.00158   0.00403   0.00000   0.00000   0.01346   0.00406   0.00749   0.00000   0.00103   0.00181   0.00819   1.50051   1.08558   1.11273   0.87662   0.18799   0.60100   1.15365   0.90486   0.96778   0.92903   1.05524   0.90445   1.18470   1.16674   1.04582   1.06660   1.11034   0.95887  
 27 11915.0743   8061.822453  x:  0.00000   0.00236   0.05216   0.36628   0.11333   0.00034   0.00148   0.00203   0.00000   0.00000   0.00736   0.00395   0.00980   0.00000   0.00195   0.00079   0.00132   1.50092   1.08558   1.11273   0.87628   0.18265   0.59980   1.15365   0.90487   0.96777   0.92903   1.05524   0.90446   1.18470   1.16674   1.04582   1.06660   1.11034   0.95887  
 28 17635.0246   8056.063406  x:  0.00000   0.00188   0.05502   0.36753   0.11461   0.00051   0.00105   0.00297   0.00000   0.00000   0.00512   0.00292   0.00950   0.00000   0.00172   0.00104   0.00035   1.50110   1.08558   1.11273   0.87612   0.18036   0.59930   1.15365   0.90487   0.96777   0.92903   1.05524   0.90446   1.18470   1.16674   1.04582   1.06660   1.11034   0.95887  
 29 5160.2611   8047.628768  x:  0.00000   0.00160   0.05990   0.36962   0.11678   0.00071   0.00058   0.00356   0.00000   0.00000   0.00140   0.00167   0.00950   0.00000   0.00158   0.00121   0.00077   1.50139   1.08558   1.11272   0.87587   0.17655   0.59845   1.15365   0.90487   0.96777   0.92903   1.05524   0.90447   1.18469   1.16674   1.04582   1.06660   1.11034   0.95887  
 30 19394.5650   8036.351870  x:  0.00000   0.00118   0.06698   0.37290   0.11999   0.00104   0.00165   0.00366   0.00000   0.00000   0.00205   0.00012   0.00881   0.00000   0.00137   0.00149   0.00093   1.50185   1.08558   1.11272   0.87546   0.17046   0.59711   1.15364   0.90487   0.96776   0.92903   1.05524   0.90447   1.18469   1.16675   1.04582   1.06660   1.11034   0.95886  
 31 4702.6684   7994.812987  x:  0.00000   0.00048   0.10580   0.39149   0.13779   0.00187   0.00461   0.00766   0.00000   0.00000   0.00559   0.00216   0.00000   0.00000   0.00077   0.00173   0.00195   1.50449   1.08558   1.11269   0.87309   0.13580   0.58953   1.15361   0.90488   0.96772   0.92903   1.05524   0.90452   1.18466   1.16675   1.04582   1.06661   1.11035   0.95884  
 32 29787.1135   7979.684484  x:  0.00000   0.00310   0.14597   0.41193   0.15659   0.00182   0.00420   0.01998   0.00000   0.00000   0.01231   0.00408   0.00027   0.00000   0.00192   0.00069   0.00380   1.50740   1.08558   1.11267   0.87043   0.09734   0.58116   1.15358   0.90489   0.96768   0.92903   1.05524   0.90457   1.18462   1.16676   1.04582   1.06662   1.11035   0.95881  
 33 27505.1228   7970.560772  x:  0.00000   0.00271   0.14877   0.41557   0.15798   0.00187   0.00030   0.01910   0.00000   0.00000   0.01367   0.00376   0.00027   0.00000   0.00171   0.00074   0.00384   1.50794   1.08558   1.11266   0.86981   0.08955   0.57957   1.15358   0.90489   0.96767   0.92903   1.05524   0.90458   1.18462   1.16676   1.04582   1.06662   1.11036   0.95881  
 34 2903.1242   7930.744136  x:  0.00000   0.00272   0.14733   0.43989   0.15865   0.00188   0.00070   0.01912   0.00000   0.00000   0.01348   0.00376   0.00027   0.00000   0.00173   0.00072   0.00383   1.51173   1.08558   1.11262   0.86505   0.03370   0.56856   1.15353   0.90490   0.96760   0.92903   1.05524   0.90465   1.18457   1.16676   1.04582   1.06663   1.11037   0.95878  
 35 3215.8662   7726.459809  x:  0.00000   0.00026   0.02143   1.74155   0.19422   0.00187   0.00126   0.00873   0.00000   0.00000   0.00899   0.00308   0.00024   0.00000   0.00083   0.00120   0.00240   1.67768   1.08558   1.11074   0.62426   0.00719   0.00010   1.15126   0.90568   0.96427   0.92903   1.05524   0.90841   1.18201   1.16714   1.04582   1.06719   1.11091   0.95722  
 36 519.1686   7720.914314  x:  0.00000   0.00018   0.01766   1.78334   0.19540   0.00187   0.00127   0.00840   0.00000   0.00000   0.00885   0.00306   0.00024   0.00000   0.00080   0.00121   0.00236   1.68305   1.08558   1.11068   0.61651   0.00637   0.00073   1.15119   0.90571   0.96416   0.92903   1.05524   0.90853   1.18193   1.16715   1.04582   1.06721   1.11093   0.95717  
 37 2311.1651   7719.178122  x:  0.00000   0.00029   0.02454   1.78564   0.17920   0.00188   0.00125   0.00888   0.00000   0.00000   0.00906   0.00309   0.00025   0.00000   0.00086   0.00117   0.00243   1.69986   1.08558   1.11057   0.60743   0.00671   0.00072   1.15100   0.90574   0.96392   0.92903   1.05524   0.90881   1.18175   1.16718   1.04582   1.06725   1.11097   0.95708  
 38 110.9501   7694.848223  x:  0.00000   0.00016   0.01812   1.72473   0.20661   0.00187   0.00146   0.00820   0.00000   0.00000   0.00865   0.00304   0.00024   0.00000   0.00079   0.00123   0.00232   2.16358   1.08557   1.10778   0.38246   0.01455   0.00098   1.14570   0.90652   0.95745   0.92903   1.05524   0.91662   1.17674   1.16811   1.04582   1.06833   1.11205   0.95433  
 39 190.3284   7684.282683  x:  0.00000   0.00074   0.02760   1.46774   0.26155   0.00185   0.00131   0.01029   0.00000   0.00000   0.00978   0.00333   0.00022   0.00000   0.00099   0.00111   0.00264   1.99531   1.08556   1.10200   0.17746   0.01526   0.00110   1.10335   0.91724   0.92122   0.92903   1.05524   0.96570   1.14647   1.17451   1.04582   1.07556   1.11904   0.93943  
 40  9.4186   7674.402984  x:  0.00000   0.00107   0.03027   1.11628   0.31271   0.00183   0.00112   0.01109   0.00000   0.00000   0.01023   0.00341   0.00021   0.00000   0.00106   0.00111   0.00277   1.95503   1.08554   1.09280   0.67305   0.01688   0.00122   1.02074   0.93728   0.85319   0.92902   1.05524   1.05596   1.08830   1.18579   1.04582   1.08932   1.13218   0.91045  
 41 23.2570   7668.386048  x:  0.00000   0.00053   0.03393   0.89873   0.30840   0.00185   0.00084   0.00776   0.00000   0.00000   0.00840   0.00275   0.00026   0.00000   0.00079   0.00138   0.00227   1.92158   1.08551   1.07593   0.55421   0.01790   0.00122   0.90919   0.96341   0.76520   0.92902   1.05523   1.16111   1.00677   1.20028   1.04581   1.10769   1.14949   0.86907  
 42  4.0197   7659.264397  x:  0.00000   0.00073   0.03089   0.94930   0.27308   0.00201   0.00081   0.00357   0.00000   0.00000   0.00583   0.00207   0.00029   0.00000   0.00084   0.00128   0.00169   2.40268   1.08538   1.01951   0.46678   0.01812   0.00131   0.16423   1.10470   0.27442   0.92899   1.05521   1.73113   0.50762   1.29473   1.04579   1.21357   1.24910   0.62506  
 43  2.5905   7657.892150  x:  0.00000   0.00076   0.03040   0.94751   0.26862   0.00203   0.00081   0.00308   0.00000   0.00000   0.00543   0.00195   0.00030   0.00000   0.00084   0.00127   0.00161   2.33103   1.08537   1.01452   0.46080   0.01833   0.00133   0.04499   1.12914   0.35192   0.92898   1.05521   1.81920   0.38911   1.31246   1.04579   1.23292   1.26722   0.58456  
 44  5.2379   7654.520991  x:  0.00000   0.00086   0.02873   0.94390   0.25491   0.00209   0.00082   0.00171   0.00000   0.00000   0.00424   0.00159   0.00032   0.00000   0.00084   0.00128   0.00139   2.09708   1.08533   1.00049   0.44562   0.01900   0.00141   0.13917   1.20620   0.55951   0.92896   1.05520   2.09396   0.00010   1.36877   1.04577   1.29414   1.32449   0.45811  
 45 17.0542   7650.225524  x:  0.00000   0.00140   0.02448   0.93790   0.23522   0.00216   0.00090   0.00383   0.00000   0.00000   0.00354   0.00127   0.00034   0.00000   0.00099   0.00117   0.00149   1.83903   1.08532   0.96249   0.46121   0.02025   0.00160   0.15617   1.35643   0.59470   0.92893   1.05518   2.57046   0.00010   1.48854   1.04575   1.41661   1.43711   0.25843  
 46  2.6386   7647.947552  x:  0.00000   0.00137   0.02757   0.95124   0.22068   0.00222   0.00067   0.00520   0.00000   0.00000   0.00379   0.00115   0.00034   0.00000   0.00097   0.00106   0.00172   2.11898   1.08528   0.97496   0.41677   0.02146   0.00178   0.21827   1.53340   1.19413   0.92887   1.05514   2.98077   0.00010   1.62958   1.04570   1.56869   1.58000   1.30393  
 47  1.9310   7644.342534  x:  0.00000   0.00089   0.03625   0.88335   0.22122   0.00230   0.00062   0.00529   0.00000   0.00000   0.00408   0.00096   0.00036   0.00000   0.00076   0.00098   0.00192   1.80189   1.08515   0.97808   0.35542   0.02417   0.00210   0.14498   1.78849   0.44887   0.92877   1.05506   3.49806   0.00010   1.83879   1.04562   1.79899   1.80007   2.08007  
 48  1.4644   7639.885055  x:  0.00000   0.00048   0.04755   0.80645   0.22009   0.00243   0.00128   0.00605   0.00000   0.00000   0.00434   0.00080   0.00037   0.00000   0.00061   0.00074   0.00231   2.07673   1.08493   1.06455   0.14282   0.02789   0.00268   0.13792   2.22975   0.55950   0.92858   1.05490   4.34027   0.00010   2.21224   1.04546   2.20235   2.18880   1.83973  
 49  1.1108   7638.917948  x:  0.00000   0.00046   0.05098   0.82801   0.21441   0.00248   0.00115   0.00610   0.00000   0.00000   0.00450   0.00075   0.00038   0.00000   0.00061   0.00063   0.00243   2.10369   1.08483   1.09923   0.09898   0.02892   0.00290   0.11959   2.39835   0.44860   0.92851   1.05484   4.69072   0.00010   2.35595   1.04540   2.35572   2.33799   1.77669  
 50  1.0893   7637.723520  x:  0.00000   0.00065   0.05344   0.86464   0.20984   0.00255   0.00098   0.00616   0.00000   0.00000   0.00477   0.00074   0.00037   0.00000   0.00070   0.00046   0.00260   2.14729   1.08470   1.13255   0.12838   0.03012   0.00319   0.10241   2.60597   0.36071   0.92842   1.05476   5.12024   0.00010   2.53496   1.04531   2.54495   2.52324   1.63628  
 51  4.0352   7635.824106  x:  0.00000   0.00115   0.06065   0.80236   0.19586   0.00258   0.00042   0.00630   0.00000   0.00000   0.00458   0.00044   0.00040   0.00000   0.00090   0.00053   0.00285   2.10629   1.08432   1.18997   0.09726   0.03349   0.00397   0.12016   3.13912   0.68778   0.92815   1.05454   6.19290   0.00010   3.00320   1.04509   3.03254   2.99727   1.34702  
 52  0.9543   7634.378313  x:  0.00000   0.00134   0.06996   0.76163   0.18846   0.00247   0.00135   0.00602   0.00000   0.00000   0.00416   0.00062   0.00043   0.00000   0.00103   0.00077   0.00303   2.01091   1.08393   1.23274   0.07066   0.03604   0.00468   0.11784   3.61257   0.68974   0.92788   1.05433   7.11268   0.00010   3.42723   1.04486   3.47528   3.43028   1.00229  
 53  1.5074   7633.181300  x:  0.00000   0.00117   0.07550   0.78082   0.18876   0.00234   0.00130   0.00550   0.00000   0.00000   0.00436   0.00089   0.00043   0.00000   0.00099   0.00104   0.00307   1.98812   1.08371   1.24227   0.08464   0.03618   0.00496   0.12651   3.80096   0.69687   0.92774   1.05421   7.43553   0.00010   3.60188   1.04473   3.65684   3.60967   0.37195  
 54  1.0789   7632.448521  x:  0.00000   0.00097   0.08070   0.77730   0.18606   0.00229   0.00087   0.00488   0.00000   0.00000   0.00439   0.00098   0.00045   0.00000   0.00091   0.00114   0.00305   1.94465   1.08353   1.29737   0.06712   0.03612   0.00523   0.10982   3.97741   0.41996   0.92759   1.05408   7.71877   0.00010   3.76548   1.04459   3.82576   3.77651   0.25215  
 55  0.5176   7632.227643  x:  0.00000   0.00089   0.08170   0.77757   0.18554   0.00228   0.00072   0.00472   0.00000   0.00000   0.00437   0.00101   0.00045   0.00000   0.00087   0.00115   0.00302   1.92429   1.08350   1.31548   0.06521   0.03582   0.00527   0.10735   4.00632   0.33211   0.92755   1.05404   7.75321   0.00010   3.79445   1.04456   3.85479   3.80562   0.45115  
 56  1.3373   7630.956124  x:  0.00000   0.00064   0.09051   0.79509   0.17421   0.00225   0.00037   0.00415   0.00000   0.00000   0.00405   0.00124   0.00047   0.00000   0.00074   0.00112   0.00285   1.99871   1.08310   1.45787   0.06023   0.03374   0.00581   0.18311   4.34763   0.83636   0.92715   1.05369   8.28919   0.00010   4.12636   1.04419   4.18976   4.14005   0.69962  
 57  0.5292   7630.139244  x:  0.00000   0.00081   0.09433   0.78095   0.16729   0.00228   0.00090   0.00385   0.00000   0.00000   0.00349   0.00127   0.00049   0.00000   0.00078   0.00101   0.00274   2.02188   1.08283   1.56355   0.06795   0.03277   0.00625   0.20217   4.60491   0.91254   0.92686   1.05344   8.70607   0.00010   4.37736   1.04393   4.44249   4.39245   0.76538  
 58  0.8599   7629.144544  x:  0.00000   0.00105   0.10264   0.77747   0.16519   0.00233   0.00107   0.00400   0.00000   0.00000   0.00401   0.00144   0.00051   0.00000   0.00086   0.00078   0.00280   2.04334   1.08233   1.72234   0.04772   0.03192   0.00703   0.22049   5.07064   0.93106   0.92638   1.05303   9.47479   0.00010   4.82045   1.04350   4.89388   4.84179   0.79001  
 59  0.9102   7627.876031  x:  0.00000   0.00135   0.11079   0.78995   0.16619   0.00239   0.00091   0.00412   0.00000   0.00000   0.00476   0.00157   0.00055   0.00000   0.00092   0.00056   0.00272   2.01373   1.08156   1.94610   0.05667   0.02866   0.00812   0.22003   5.67571   0.66543   0.92561   1.05237  10.38686   0.00010   5.41734   1.04280   5.49318   5.44211   0.68312  
 60  1.0911   7627.010072  x:  0.00000   0.00147   0.11639   0.81319   0.15558   0.00238   0.00084   0.00436   0.00000   0.00000   0.00446   0.00130   0.00058   0.00000   0.00090   0.00071   0.00265   1.96605   1.08101   2.01295   0.04824   0.02771   0.00896   0.18748   6.17649   0.34970   0.92506   1.05191  11.26204   0.00010   5.89200   1.04232   5.97674   5.91935   0.51289  
 61  1.1914   7626.590327  x:  0.00000   0.00147   0.11697   0.81966   0.15157   0.00240   0.00089   0.00504   0.00000   0.00000   0.00406   0.00096   0.00059   0.00000   0.00086   0.00083   0.00267   1.98907   1.08080   1.96005   0.04357   0.02844   0.00933   0.17187   6.40276   0.55110   0.92484   1.05173  11.72803   0.00010   6.09632   1.04213   6.18916   6.12485   0.54132  
 62  0.4336   7626.174756  x:  0.00000   0.00151   0.11650   0.81040   0.15509   0.00244   0.00076   0.00572   0.00000   0.00000   0.00403   0.00058   0.00061   0.00000   0.00080   0.00092   0.00267   2.01305   1.08044   1.94091   0.04844   0.02871   0.00988   0.12582   6.70305   0.48574   0.92446   1.05142  12.26897   0.00010   6.37787   1.04181   6.47780   6.40712   0.43977  
 63  0.6136   7625.768244  x:  0.00000   0.00149   0.12004   0.80310   0.16015   0.00243   0.00074   0.00567   0.00000   0.00000   0.00452   0.00081   0.00064   0.00000   0.00074   0.00084   0.00258   2.00438   1.07966   2.06948   0.04624   0.02719   0.01090   0.11243   7.24864   0.46880   0.92369   1.05077  13.14482   0.00010   6.90912   1.04113   7.01382   6.94087   0.43748  
 64  0.6153   7624.525183  x:  0.00000   0.00119   0.11446   0.81669   0.15750   0.00241   0.00081   0.00533   0.00000   0.00000   0.00432   0.00079   0.00074   0.00000   0.00054   0.00091   0.00228   1.95564   1.07780   2.18619   0.04813   0.02726   0.01318   0.04053   8.47409   0.57152   0.92187   1.04926  15.35808   0.00010   8.07743   1.03955   8.19865   8.11086   0.48681  
 65  0.7460   7623.514044  x:  0.00000   0.00086   0.10596   0.82640   0.15489   0.00238   0.00096   0.00455   0.00000   0.00000   0.00414   0.00105   0.00083   0.00000   0.00044   0.00086   0.00200   1.93836   1.07606   2.30335   0.05073   0.02771   0.01519   0.12385   9.52727   0.76442   0.92018   1.04785  17.27305   0.00010   9.08439   1.03808   9.21624   9.11768   0.62286  
 66  2.7735   7622.510149  x:  0.00000   0.00101   0.09854   0.79868   0.16524   0.00248   0.00091   0.00508   0.00000   0.00000   0.00458   0.00097   0.00092   0.00000   0.00064   0.00065   0.00199   2.04474   1.07388   2.48930   0.04817   0.02922   0.01795   0.12971  11.00141   0.69219   0.91804   1.04608  19.91604   0.00010  10.48061   1.03621  10.63225  10.51665   0.53241  
 67  2.1861   7622.164085  x:  0.00000   0.00095   0.09746   0.81345   0.16487   0.00244   0.00076   0.00506   0.00000   0.00000   0.00446   0.00088   0.00101   0.00000   0.00071   0.00084   0.00189   2.02724   1.07194   2.67118   0.05190   0.02842   0.02029   0.12810  12.27379   0.50321   0.91614   1.04450  22.14798   0.00010  11.69745   1.03456  11.86368  11.73472   0.40448  
 68  1.4563   7622.049432  x:  0.00000   0.00088   0.10193   0.80710   0.15946   0.00246   0.00083   0.00492   0.00000   0.00000   0.00432   0.00089   0.00106   0.00000   0.00080   0.00082   0.00207   2.02704   1.07083   2.86061   0.04782   0.02844   0.02158   0.13385  13.02329   0.43291   0.91507   1.04361  23.47267   0.00010  12.40578   1.03362  12.58473  12.44779   0.50096  
 69  0.6148   7622.016702  x:  0.00000   0.00082   0.10230   0.80891   0.16021   0.00247   0.00086   0.00498   0.00000   0.00000   0.00437   0.00092   0.00107   0.00000   0.00082   0.00081   0.00219   2.03224   1.07053   2.89847   0.04870   0.02860   0.02183   0.13687  13.17063   0.49495   0.91479   1.04337  23.74207   0.00010  12.54438   1.03338  12.72637  12.58766   0.55071  
 70  0.2791   7621.997051  x:  0.00000   0.00082   0.10293   0.81083   0.15972   0.00248   0.00080   0.00506   0.00000   0.00000   0.00432   0.00087   0.00108   0.00000   0.00086   0.00082   0.00234   2.03562   1.07000   2.96887   0.04861   0.02844   0.02230   0.13572  13.44020   0.46995   0.91426   1.04293  24.21538   0.00010  12.80132   1.03292  12.98693  12.84550   0.51855  
 71  0.2998   7621.984753  x:  0.00000   0.00082   0.10181   0.80998   0.15981   0.00249   0.00078   0.00498   0.00000   0.00000   0.00426   0.00088   0.00107   0.00000   0.00085   0.00081   0.00242   2.03071   1.07000   2.97007   0.04835   0.02833   0.02208   0.13277  13.31875   0.50117   0.91424   1.04292  23.99897   0.00010  12.68852   1.03290  12.87123  12.73164   0.48761  
 72  0.1413   7621.981021  x:  0.00000   0.00082   0.10114   0.81111   0.16100   0.00249   0.00081   0.00496   0.00000   0.00000   0.00429   0.00090   0.00106   0.00000   0.00084   0.00080   0.00246   2.03016   1.07002   2.96659   0.04904   0.02831   0.02191   0.13093  13.22369   0.49558   0.91423   1.04292  23.82814   0.00010  12.59977   1.03290  12.78078  12.64251   0.47424  
 73  0.1414   7621.979782  x:  0.00000   0.00082   0.10120   0.81062   0.16072   0.00249   0.00082   0.00496   0.00000   0.00000   0.00427   0.00089   0.00106   0.00000   0.00083   0.00081   0.00249   2.03194   1.06992   2.97855   0.04896   0.02831   0.02189   0.13056  13.21420   0.48655   0.91412   1.04283  23.81074   0.00010  12.59124   1.03281  12.77222  12.63404   0.48297  
 74  0.0128   7621.978860  x:  0.00000   0.00083   0.10082   0.81059   0.16104   0.00249   0.00081   0.00497   0.00000   0.00000   0.00427   0.00089   0.00106   0.00000   0.00081   0.00082   0.00250   2.02970   1.06970   2.99745   0.04913   0.02830   0.02188   0.13052  13.21913   0.48647   0.91385   1.04261  23.81867   0.00010  12.59747   1.03258  12.77829  12.64008   0.48827  
 75  0.0063   7621.978050  x:  0.00000   0.00083   0.10111   0.81132   0.16088   0.00249   0.00081   0.00496   0.00000   0.00000   0.00429   0.00090   0.00106   0.00000   0.00080   0.00081   0.00249   2.03257   1.06937   3.04166   0.04894   0.02829   0.02197   0.13210  13.28195   0.48946   0.91347   1.04230  23.92758   0.00010  12.65838   1.03225  12.84015  12.70147   0.49912  
 76  0.0453   7621.976030  x:  0.00000   0.00085   0.10140   0.81047   0.16044   0.00250   0.00080   0.00492   0.00000   0.00000   0.00427   0.00091   0.00105   0.00000   0.00079   0.00081   0.00251   2.03288   1.06832   3.18127   0.04886   0.02835   0.02205   0.13309  13.36985   0.48257   0.91223   1.04129  24.07973   0.00010  12.74641   1.03120  12.92918  12.79012   0.47930  
 77  0.0454   7621.970494  x:  0.00000   0.00083   0.10209   0.81081   0.16023   0.00253   0.00084   0.00496   0.00000   0.00000   0.00424   0.00090   0.00102   0.00000   0.00077   0.00082   0.00248   2.03006   1.06535   3.58423   0.04861   0.02840   0.02225   0.13561  13.60047   0.50183   0.90867   1.03840  24.47688   0.00010  12.98043   1.02818  13.16524  13.02536   0.46712  
 78  0.1037   7621.954905  x:  0.00000   0.00080   0.10118   0.80916   0.16018   0.00262   0.00084   0.00504   0.00000   0.00000   0.00428   0.00087   0.00092   0.00000   0.00079   0.00082   0.00246   2.03433   1.05607   4.84973   0.04910   0.02816   0.02256   0.13321  14.13653   0.48674   0.89755   1.02936  25.37166   0.00010  13.54345   1.01873  13.72756  13.58868   0.47117  
 79  0.2385   7621.945987  x:  0.00000   0.00080   0.10148   0.81072   0.16019   0.00264   0.00082   0.00497   0.00000   0.00000   0.00431   0.00091   0.00087   0.00000   0.00081   0.00082   0.00248   2.02956   1.05297   5.28220   0.04861   0.02833   0.02231   0.13205  14.13917   0.48776   0.89377   1.02631  25.36424   0.00010  13.56263   1.01554  13.74475  13.60824   0.48137  
 80  0.2217   7621.945136  x:  0.00000   0.00080   0.10146   0.81068   0.16032   0.00264   0.00081   0.00497   0.00000   0.00000   0.00428   0.00090   0.00085   0.00000   0.00082   0.00083   0.00248   2.03164   1.05189   5.42788   0.04876   0.02830   0.02226   0.13048  14.15695   0.48766   0.89246   1.02524  25.38862   0.00010  13.58595   1.01442  13.76728  13.63140   0.48683  
 81  0.0976   7621.944904  x:  0.00000   0.00080   0.10148   0.81076   0.16043   0.00263   0.00081   0.00496   0.00000   0.00000   0.00426   0.00090   0.00086   0.00000   0.00081   0.00083   0.00247   2.03224   1.05247   5.33371   0.04873   0.02832   0.02225   0.12985  14.12987   0.48882   0.89317   1.02582  25.34393   0.00010  13.55662   1.01503  13.73804  13.60204   0.48709  
 82  0.0399   7621.944113  x:  0.00000   0.00081   0.10143   0.81083   0.16047   0.00262   0.00082   0.00494   0.00000   0.00000   0.00426   0.00090   0.00085   0.00000   0.00082   0.00082   0.00246   2.03213   1.05022   5.56872   0.04872   0.02832   0.02237   0.12644  14.27838   0.48904   0.89051   1.02366  25.59454   0.00010  13.70914   1.01277  13.89071  13.75488   0.48681  
 83  0.0732   7621.942829  x:  0.00000   0.00081   0.10177   0.81058   0.15995   0.00258   0.00081   0.00496   0.00000   0.00000   0.00430   0.00090   0.00085   0.00000   0.00082   0.00082   0.00248   2.03155   1.04914   5.60849   0.04861   0.02830   0.02241   0.12395  14.34311   0.48914   0.88927   1.02267  25.70139   0.00010  13.77504   1.01173  13.95635  13.82084   0.48970  
 84  0.0430   7621.941331  x:  0.00000   0.00080   0.10178   0.81060   0.16010   0.00254   0.00082   0.00496   0.00000   0.00000   0.00428   0.00090   0.00084   0.00000   0.00080   0.00082   0.00248   2.03289   1.04707   5.74243   0.04855   0.02835   0.02231   0.12578  14.37165   0.49236   0.88683   1.02070  25.74006   0.00010  13.81201   1.00967  13.99176  13.85772   0.48209  
 85  0.0374   7621.940309  x:  0.00000   0.00080   0.10152   0.81072   0.16026   0.00251   0.00081   0.00497   0.00000   0.00000   0.00427   0.00090   0.00083   0.00000   0.00081   0.00081   0.00247   2.03205   1.04535   5.86601   0.04870   0.02831   0.02234   0.12888  14.44662   0.48688   0.88481   1.01907  25.86068   0.00010  13.89218   1.00797  14.07064  13.93753   0.48635  
 86  0.0972   7621.940255  x:  0.00000   0.00080   0.10155   0.81068   0.16025   0.00251   0.00081   0.00497   0.00000   0.00000   0.00427   0.00090   0.00083   0.00000   0.00081   0.00081   0.00248   2.03168   1.04508   5.89097   0.04867   0.02831   0.02234   0.12967  14.45981   0.48866   0.88449   1.01881  25.88268   0.00010  13.90604   1.00769  14.08443  13.95142   0.48659  
 87  0.0252   7621.940114  x:  0.00000   0.00080   0.10155   0.81074   0.16027   0.00251   0.00081   0.00495   0.00000   0.00000   0.00428   0.00089   0.00083   0.00000   0.00082   0.00081   0.00249   2.03221   1.04443   5.91318   0.04869   0.02831   0.02234   0.13026  14.48416   0.48953   0.88371   1.01819  25.92080   0.00010  13.93211   1.00704  14.10996  13.97740   0.48589  
 88  0.0084   7621.939817  x:  0.00000   0.00080   0.10155   0.81075   0.16022   0.00251   0.00081   0.00493   0.00000   0.00000   0.00430   0.00088   0.00083   0.00000   0.00082   0.00082   0.00247   2.03268   1.04277   6.00320   0.04870   0.02830   0.02234   0.12996  14.54188   0.48788   0.88169   1.01657  26.01086   0.00010  13.99500   1.00534  14.17146  14.03999   0.48589  
 89  0.0342   7621.937726  x:  0.00000   0.00080   0.10153   0.81070   0.16035   0.00252   0.00081   0.00494   0.00000   0.00000   0.00428   0.00088   0.00083   0.00000   0.00081   0.00080   0.00248   2.03047   1.03697   6.24750   0.04868   0.02831   0.02228   0.13002  14.72957   0.48670   0.87465   1.01092  26.30328   0.00010  14.19998   0.99942  14.37099  14.24379   0.48657  
 90  0.0689   7621.932473  x:  0.00000   0.00078   0.10148   0.81064   0.16070   0.00255   0.00081   0.00494   0.00000   0.00000   0.00425   0.00085   0.00084   0.00000   0.00079   0.00075   0.00250   2.02565   1.00168   7.83073   0.04879   0.02833   0.02216   0.12927  15.97893   0.48476   0.83187   0.97659  28.27262   0.00010  15.54996   0.96343  15.68992  15.58689   0.49187  
 91  1.8645   7621.906728  x:  0.00000   0.00077   0.10134   0.81095   0.16061   0.00256   0.00079   0.00492   0.00000   0.00000   0.00429   0.00084   0.00084   0.00000   0.00080   0.00080   0.00248   2.03170   0.89407  12.99781   0.04904   0.02832   0.02218   0.12692  20.00967   0.48893   0.70149   0.87195  34.67148   0.00010  19.88029   0.85378  19.93066  19.89644   0.49328  
 92  1.4751   7621.869677  x:  0.00000   0.00078   0.10105   0.81114   0.16041   0.00257   0.00083   0.00499   0.00000   0.00000   0.00431   0.00096   0.00089   0.00000   0.00084   0.00086   0.00245   2.03948   0.41994  35.17651   0.04896   0.02827   0.02200   0.12583  37.59859   0.49201   0.12699   0.41094  62.55564   0.00010  38.79115   0.37066  38.43949  38.71381   0.47850  
 93 15.7133   7621.859259  x:  0.00000   0.00077   0.10113   0.81099   0.16061   0.00256   0.00082   0.00498   0.00000   0.00000   0.00428   0.00092   0.00088   0.00000   0.00082   0.00084   0.00247   2.03393   0.31528  40.26922   0.04890   0.02829   0.02199   0.12671  41.50593   0.48951   0.00010   0.30925  68.76181   0.00010  42.98970   0.26407  42.55234  42.89337   0.48361  
 94 12.1856   7621.850091  x:  0.00000   0.00077   0.10127   0.81083   0.16070   0.00255   0.00081   0.00496   0.00000   0.00000   0.00426   0.00089   0.00086   0.00000   0.00080   0.00080   0.00249   2.02955   0.05615  52.74822   0.04883   0.02831   0.02204   0.12775  51.19697   0.48707   0.00010   0.05741  84.15336   0.00010  53.39957   0.00010  52.74868  53.25523   0.48731  
 95 29.4253   7621.848776  x:  0.00000   0.00077   0.10128   0.81083   0.16070   0.00255   0.00081   0.00496   0.00000   0.00000   0.00426   0.00088   0.00086   0.00000   0.00080   0.00080   0.00249   2.02941   0.00010  55.41842   0.04884   0.02831   0.02204   0.12779  53.28420   0.48702   0.00010   0.00293  87.46692   0.00010  55.64200   0.00010  54.94468  55.48710   0.48761  
 96 31.9143   7621.848709  x:  0.00000   0.00077   0.10128   0.81083   0.16070   0.00255   0.00081   0.00496   0.00000   0.00000   0.00426   0.00088   0.00086   0.00000   0.00080   0.00080   0.00249   2.02942   0.00010  55.55614   0.04884   0.02831   0.02204   0.12779  53.39206   0.48702   0.00010   0.00010  87.63811   0.00010  55.75788   0.00010  55.05816  55.60243   0.48761  
 97 83.3610   7621.830837  x:  0.00000   0.00077   0.10127   0.81192   0.16065   0.00256   0.00081   0.00495   0.00000   0.00000   0.00427   0.00089   0.00086   0.00000   0.00081   0.00081   0.00248   2.04729   0.00010  180.76899   0.04897   0.02830   0.02210   0.12725  151.49141   0.48800   0.00010   0.00010  243.34586   0.00010  161.15941   0.00010  158.27032  160.50466   0.48903  
 98 192.8656   7621.826553  x:  0.00000   0.00078   0.10118   0.81080   0.16060   0.00256   0.00081   0.00496   0.00000   0.00000   0.00429   0.00090   0.00087   0.00000   0.00082   0.00082   0.00247   2.03099   0.00010  198.72989   0.04894   0.02830   0.02205   0.12699  165.58484   0.48966   0.00010   0.00010  265.70924   0.00010  176.30618   0.00010  173.10037  175.57887   0.48529  
 99 28.7048   7621.823913  x:  0.00000   0.00076   0.10150   0.81094   0.16068   0.00255   0.00082   0.00496   0.00000   0.00000   0.00423   0.00089   0.00086   0.00000   0.00080   0.00080   0.00250   2.02923   0.00010  327.80410   0.04860   0.02829   0.02202   0.12795  266.64268   0.48260   0.00010   0.00010  426.10788   0.00010  284.89147   0.00010  279.42960  283.65011   0.48863  
100 36.9494   7621.821666  x:  0.00000   0.00078   0.10114   0.81086   0.16065   0.00256   0.00081   0.00496   0.00000   0.00000   0.00429   0.00089   0.00086   0.00000   0.00081   0.00081   0.00248   2.03196   0.00010  388.39287   0.04899   0.02832   0.02206   0.12764  314.14435   0.49037   0.00010   0.00010  501.50617   0.00010  335.92875   0.00010  329.40624  334.44519   0.48615  
101 60.7231   7621.819638  x:  0.00000   0.00076   0.10136   0.81103   0.16053   0.00257   0.00082   0.00496   0.00000   0.00000   0.00427   0.00090   0.00086   0.00000   0.00082   0.00082   0.00247   2.03253   0.00010  687.28317   0.04882   0.02828   0.02204   0.12581  548.25697   0.48614   0.00010   0.00010  873.08767   0.00010  587.47837   0.00010  575.72769  584.80248   0.48698  
102 132.4947   7621.818810  x:  0.00000   0.00077   0.10129   0.81095   0.16060   0.00256   0.00081   0.00496   0.00000   0.00000   0.00427   0.00090   0.00086   0.00000   0.00081   0.00082   0.00248   2.03228   0.00010  788.53332   0.04885   0.02829   0.02204   0.12694  627.58665   0.48745   0.00010   0.00010  999.00000   0.00010  672.71605   0.00010  659.19381  669.63613   0.48653  
103 219.9267   7621.818527  x:  0.00000   0.00078   0.10118   0.81087   0.16066   0.00255   0.00081   0.00496   0.00000   0.00000   0.00428   0.00090   0.00086   0.00000   0.00081   0.00081   0.00248   2.03181   0.00010  999.00000   0.04892   0.02831   0.02205   0.12781  792.46114   0.48938   0.00010   0.00010  999.00000   0.00010  849.86939   0.00010  832.66550  845.94987   0.48584  
104 249.9907   7621.818296  x:  0.00000   0.00078   0.10122   0.81089   0.16064   0.00256   0.00081   0.00496   0.00000   0.00000   0.00428   0.00089   0.00086   0.00000   0.00081   0.00081   0.00248   2.03184   0.00010  999.00000   0.04891   0.02831   0.02205   0.12752  931.25491   0.48874   0.00010   0.00010  999.00000   0.00010  999.00000   0.00010  978.69687  994.37370   0.48633  
105 142.7212   7621.818292  x:  0.00000   0.00078   0.10122   0.81090   0.16064   0.00256   0.00081   0.00496   0.00000   0.00000   0.00428   0.00089   0.00086   0.00000   0.00081   0.00081   0.00248   2.03184   0.00010  999.00000   0.04891   0.02831   0.02205   0.12752  935.58105   0.48873   0.00010   0.00010  999.00000   0.00010  999.00000   0.00010  983.24859  999.00000   0.48634  
106 578.0915   7621.818278  x:  0.00000   0.00078   0.10122   0.81090   0.16064   0.00256   0.00081   0.00496   0.00000   0.00000   0.00428   0.00089   0.00086   0.00000   0.00081   0.00081   0.00248   2.03181   0.00010  999.00000   0.04890   0.02831   0.02205   0.12747  950.55178   0.48867   0.00010   0.00010  999.00000   0.00010  999.00000   0.00010  999.00000  999.00000   0.48634  
107 125.1442   7621.818257  x:  0.00000   0.00078   0.10123   0.81090   0.16063   0.00256   0.00081   0.00496   0.00000   0.00000   0.00428   0.00089   0.00086   0.00000   0.00081   0.00081   0.00248   2.03181   0.00010  999.00000   0.04890   0.02830   0.02205   0.12737  999.00000   0.48853   0.00010   0.00010  999.00000   0.00010  999.00000   0.00010  999.00000  999.00000   0.48635  
108 233.8945   7621.818252  x:  0.00000   0.00077   0.10124   0.81092   0.16062   0.00256   0.00081   0.00496   0.00000   0.00000   0.00427   0.00089   0.00086   0.00000   0.00081   0.00081   0.00248   2.03199   0.00010  999.00000   0.04889   0.02830   0.02205   0.12723  999.00000   0.48835   0.00010   0.00010  999.00000   0.00010  999.00000   0.00010  999.00000  999.00000   0.48641  
109  0.0003   7621.818252  x:  0.00000   0.00077   0.10124   0.81092   0.16062   0.00256   0.00081   0.00496   0.00000   0.00000   0.00427   0.00089   0.00086   0.00000   0.00081   0.00081   0.00248   2.03200   0.00010  999.00000   0.04889   0.02830   0.02205   0.12721  999.00000   0.48832   0.00010   0.00010  999.00000   0.00010  999.00000   0.00010  999.00000  999.00000   0.48642  