

TREE # 1

  0  0.0000   8995.534362  x:  0.03729   0.03986   0.05705   0.06890   0.09371   0.05014   0.09848   0.06406   0.03006   0.02665   0.09122   0.03451   0.01294   0.07825   0.09984   0.07364   0.03634   1.00000   0.90000   0.62250   1.96182  
  1 99.0000   8562.186983  x:  0.02441   0.02713   0.04437   0.05707   0.08177   0.06701   0.10534   0.13806   0.01758   0.01472   0.07868   0.02314   0.00000   0.06549   0.08879   0.06190   0.02469   1.00143   0.90578   0.61792   1.96294  
  2 6670.6828   8363.972034  x:  0.00666   0.00955   0.02706   0.04032   0.06494   0.07162   0.10983   0.13779   0.00106   0.00000   0.06145   0.00899   0.00000   0.04789   0.07378   0.04579   0.00897   1.00341   0.91421   0.61200   1.96442  
  3 4654.2109   8353.989629  x:  0.00559   0.00848   0.02601   0.03931   0.06392   0.07190   0.11010   0.13779   0.00008   0.00002   0.06041   0.00814   0.00000   0.04683   0.07287   0.04482   0.00803   1.00353   0.91472   0.61164   1.96451  
  4 54199.9095   8298.440581  x:  0.00000   0.00293   0.02054   0.03402   0.05859   0.07334   0.11150   0.13776   0.00006   0.00002   0.05496   0.00372   0.00000   0.04127   0.06813   0.03973   0.00307   1.00416   0.91739   0.60978   1.96498  
  5 41362.5031   8273.809386  x:  0.00000   0.00000   0.01772   0.03129   0.05585   0.07461   0.11266   0.13766   0.00003   0.00002   0.05185   0.00382   0.00000   0.03838   0.06567   0.03710   0.00137   1.00449   0.91855   0.60865   1.96524  
  6 25346.5719   8241.044971  x:  0.00000   0.00000   0.01300   0.02666   0.05118   0.07692   0.11484   0.13742   0.00000   0.00003   0.04656   0.00231   0.00000   0.03346   0.06148   0.03268   0.00272   1.00506   0.92038   0.60659   1.96570  
  7 22871.9596   8222.972760  x:  0.00000   0.00000   0.01002   0.02398   0.04857   0.08139   0.11879   0.13657   0.00001   0.00005   0.04326   0.00000   0.00000   0.03058   0.05875   0.03001   0.00278   1.00542   0.92024   0.60436   1.96609  
  8 10623.0579   8165.197055  x:  0.00000   0.00000   0.00000   0.01491   0.03978   0.09635   0.13249   0.13360   0.00002   0.00004   0.03630   0.00032   0.00000   0.02087   0.04932   0.02096   0.00427   1.00658   0.91972   0.59637   1.96752  
  9 6336.8421   8165.197055  x:  0.00000   0.00000   0.00000   0.01491   0.03978   0.09635   0.13249   0.13360   0.00002   0.00004   0.03630   0.00032   0.00000   0.02087   0.04932   0.02096   0.00427   1.00658   0.91972   0.59637   1.96752  
 10 19752.3388   8153.995465  x:  0.00000   0.00044   0.00230   0.01490   0.03977   0.09636   0.13249   0.13363   0.00069   0.00055   0.03629   0.00038   0.00000   0.02086   0.04931   0.02095   0.00426   1.00659   0.91973   0.59637   1.96752  
 11 215573.0060   8143.796607  x:  0.00000   0.00000   0.00208   0.01446   0.03930   0.09643   0.13251   0.13457   0.00087   0.00170   0.03584   0.00261   0.00000   0.02037   0.04893   0.02052   0.00391   1.00664   0.92000   0.59623   1.96756  
 12 6637.8909   8089.745378  x:  0.00000   0.00000   0.00192   0.00947   0.03413   0.09731   0.13268   0.14507   0.00186   0.00186   0.03058   0.00245   0.00000   0.01491   0.04455   0.01567   0.00000   1.00722   0.92296   0.59467   1.96798  
 13 4615.6273   7995.659823  x:  0.00000   0.00000   0.00188   0.00000   0.02426   0.09894   0.13298   0.16472   0.00275   0.00202   0.02056   0.00234   0.00000   0.00448   0.03625   0.00654   0.00115   1.00834   0.92863   0.59170   1.96878  
 14 46021.3450   7975.853513  x:  0.00000   0.00000   0.00281   0.00000   0.02151   0.09916   0.13291   0.16838   0.00012   0.00127   0.01753   0.00294   0.00000   0.00125   0.03384   0.00413   0.00099   1.00868   0.93041   0.59079   1.96902  
 15 14106.3681   7970.814790  x:  0.00000   0.00000   0.00293   0.00000   0.02060   0.09911   0.13280   0.16854   0.00019   0.00059   0.01640   0.00330   0.00000   0.00000   0.03301   0.00345   0.00099   1.00881   0.93110   0.59045   1.96912  
 16 7214.6267   7953.382470  x:  0.00000   0.00000   0.00289   0.00000   0.01578   0.09860   0.13208   0.16778   0.00022   0.00073   0.01016   0.00330   0.00000   0.00000   0.02848   0.00016   0.00102   1.00951   0.93496   0.58859   1.96963  
 17 11222.4516   7930.039422  x:  0.00000   0.00000   0.00286   0.00000   0.00786   0.09788   0.13096   0.16748   0.00022   0.00077   0.00000   0.00339   0.00000   0.00000   0.02108   0.00029   0.00101   1.01065   0.94124   0.58554   1.97046  
 18 17099.6285   7918.958638  x:  0.00000   0.00000   0.00278   0.00000   0.00124   0.09725   0.13000   0.16708   0.00022   0.00079   0.00007   0.00341   0.00000   0.00000   0.01487   0.00035   0.00101   1.01162   0.94655   0.58296   1.97116  
 19 3595.1880   7918.006331  x:  0.00000   0.00000   0.00277   0.00017   0.00053   0.09718   0.12989   0.16703   0.00022   0.00079   0.00008   0.00341   0.00000   0.00000   0.01418   0.00036   0.00101   1.01172   0.94714   0.58267   1.97124  
 20 81590.1621   7906.564152  x:  0.00000   0.00000   0.00255   0.00024   0.00108   0.09616   0.12826   0.16739   0.00022   0.00080   0.00011   0.00346   0.00000   0.00000   0.00360   0.00039   0.00105   1.01345   0.95667   0.57804   1.97251  
 21 2726.4411   7868.646723  x:  0.00000   0.00000   0.00138   0.00022   0.00101   0.09179   0.12121   0.17048   0.00019   0.00070   0.00010   0.00349   0.00000   0.00000   0.00353   0.00033   0.00105   1.02128   0.99999   0.55672   1.97829  
 22 1614.9965   7788.606646  x:  0.00000   0.00000   0.00002   0.00004   0.00055   0.08277   0.09539   0.18834   0.00009   0.00033   0.00002   0.00365   0.00000   0.00000   0.00270   0.00000   0.00105   1.07724   0.99999   0.38243   2.02160  
 23 5829.4623   7788.606646  x:  0.00000   0.00000   0.00002   0.00004   0.00055   0.08277   0.09539   0.18834   0.00009   0.00033   0.00002   0.00365   0.00000   0.00000   0.00270   0.00000   0.00105   1.07724   0.99999   0.38243   2.02160  
 24 24666.8968   7777.809327  x:  0.00000   0.00000   0.00051   0.00018   0.00060   0.08278   0.09540   0.18836   0.00022   0.00039   0.00062   0.00365   0.00000   0.00000   0.00272   0.00286   0.00105   1.07724   0.99999   0.38243   2.02160  
 25 235890.0845   7772.715129  x:  0.00000   0.00000   0.00082   0.00187   0.00140   0.08287   0.09550   0.18882   0.00150   0.00186   0.00080   0.00362   0.00000   0.00000   0.00327   0.00267   0.00100   1.07727   0.99999   0.38228   2.02162  
 26 7570.7388   7764.124264  x:  0.00000   0.00000   0.00182   0.00169   0.00134   0.08415   0.09696   0.19499   0.00018   0.00253   0.00195   0.00332   0.00000   0.00000   0.00856   0.00230   0.00053   1.07771   0.99999   0.38024   2.02195  
 27 1889.5226   7757.012296  x:  0.00000   0.00000   0.00232   0.00024   0.00072   0.08582   0.09884   0.20301   0.00200   0.00208   0.00269   0.00302   0.00000   0.00000   0.01412   0.00206   0.00076   1.07829   0.99999   0.37757   2.02238  
 28 11158.7115   7750.698741  x:  0.00000   0.00000   0.00171   0.00104   0.00116   0.08699   0.10018   0.20872   0.00236   0.00042   0.00229   0.00302   0.00000   0.00000   0.01640   0.00221   0.00129   1.07871   0.99999   0.37562   2.02269  
 29 7509.4257   7742.185182  x:  0.00000   0.00000   0.00016   0.00102   0.00131   0.08842   0.10181   0.21573   0.00224   0.00076   0.00095   0.00325   0.00000   0.00000   0.01747   0.00275   0.00186   1.07923   0.99999   0.37316   2.02309  
 30 8732.3275   7738.410999  x:  0.00000   0.00000   0.00034   0.00100   0.00138   0.08913   0.10263   0.21925   0.00217   0.00085   0.00013   0.00340   0.00000   0.00000   0.01755   0.00289   0.00213   1.07950   0.99999   0.37190   2.02329  
 31 18743.9138   7653.696067  x:  0.00000   0.00000   0.00289   0.00011   0.00337   0.11284   0.12989   0.33721   0.00000   0.00345   0.00268   0.00969   0.00000   0.00000   0.00614   0.00201   0.01061   1.08859   0.99999   0.32910   2.03006  
 32 20030.6951   7642.585005  x:  0.00000   0.00000   0.00302   0.00000   0.00367   0.11628   0.13386   0.35449   0.00007   0.00347   0.00285   0.01079   0.00000   0.00000   0.00423   0.00195   0.00889   1.08995   0.99999   0.32272   2.03107  
 33 51389.6879   7635.516754  x:  0.00000   0.00000   0.00296   0.00160   0.00042   0.11675   0.13463   0.36134   0.00006   0.00352   0.00280   0.00603   0.00000   0.00000   0.00294   0.00194   0.00804   1.09085   0.99999   0.31789   2.03172  
 34 2147.1772   7632.920307  x:  0.00000   0.00000   0.00293   0.00132   0.00112   0.11659   0.13466   0.36438   0.00006   0.00352   0.00279   0.00257   0.00000   0.00000   0.00227   0.00196   0.00761   1.09141   0.99999   0.31479   2.03211  
 35 3065.1441   7561.381838  x:  0.00000   0.00000   0.00299   0.00128   0.00125   0.06059   0.08880   0.40740   0.00006   0.00354   0.00285   0.00365   0.00000   0.00000   0.00130   0.00193   0.00697   1.12278   0.99999   0.12586   2.05355  
 36 821.6032   7551.994926  x:  0.00000   0.00000   0.00300   0.00127   0.00128   0.05078   0.08041   0.41570   0.00006   0.00354   0.00286   0.00386   0.00000   0.00000   0.00109   0.00193   0.00684   1.13129   0.98601   0.07550   2.05899  
 37 5134.1904   7546.857580  x:  0.00000   0.00000   0.00299   0.00127   0.00127   0.05649   0.08382   0.41329   0.00006   0.00354   0.00286   0.00378   0.00000   0.00000   0.00111   0.00193   0.00685   1.13545   0.98621   0.05318   2.06120  
 38 1094.0411   7522.649188  x:  0.00000   0.00000   0.00290   0.00128   0.00118   0.06668   0.10500   0.38857   0.00006   0.00347   0.00277   0.00310   0.00000   0.00000   0.00207   0.00197   0.00718   1.91527   0.98107   0.07451   2.41128  
 39 71.1668   7522.294887  x:  0.00000   0.00000   0.00290   0.00127   0.00120   0.07343   0.09666   0.38906   0.00006   0.00347   0.00277   0.00313   0.00000   0.00000   0.00207   0.00197   0.00718   1.92372   0.98089   0.07504   2.41678  
 40 84.4119   7512.797060  x:  0.00000   0.00000   0.00273   0.00114   0.00149   0.09668   0.12080   0.38502   0.00006   0.00319   0.00266   0.00400   0.00000   0.00000   0.00218   0.00202   0.00436   1.59973   0.97049   0.09908   3.48414  
 41  9.3098   7501.268283  x:  0.00000   0.00000   0.00250   0.00111   0.00155   0.09566   0.12049   0.41771   0.00005   0.00280   0.00253   0.00361   0.00000   0.00000   0.00311   0.00208   0.00032   1.60392   0.96982   0.09522   3.44328  
 42  0.3741   7501.266689  x:  0.00000   0.00000   0.00250   0.00111   0.00155   0.09565   0.12048   0.41785   0.00005   0.00280   0.00253   0.00361   0.00000   0.00000   0.00311   0.00209   0.00030   1.60387   0.96982   0.09520   3.44319  
 43 15.0342   7496.875509  x:  0.00000   0.00000   0.00255   0.00116   0.00131   0.09342   0.11740   0.44361   0.00005   0.00283   0.00261   0.00160   0.00000   0.00000   0.00551   0.00206   0.00170   1.54283   0.96831   0.09134   3.50522  
 44  0.9098   7487.957756  x:  0.00000   0.00000   0.00301   0.00048   0.00258   0.09096   0.11969   0.54528   0.00005   0.00298   0.00321   0.00598   0.00000   0.00000   0.00558   0.00186   0.00276   1.75015   0.96926   0.07793   3.02750  
 45  1.7690   7482.955656  x:  0.00000   0.00000   0.00240   0.00058   0.00199   0.09619   0.12184   0.59506   0.00005   0.00231   0.00277   0.00317   0.00000   0.00000   0.00677   0.00204   0.00054   1.82803   0.96396   0.07013   3.14493  
 46  0.1273   7481.302305  x:  0.00000   0.00000   0.00135   0.00049   0.00190   0.10559   0.12611   0.59972   0.00005   0.00154   0.00187   0.00329   0.00000   0.00000   0.00670   0.00238   0.00167   1.91093   0.95625   0.06966   3.47360  
 47  0.1418   7480.951952  x:  0.00000   0.00000   0.00081   0.00051   0.00185   0.10608   0.12517   0.60249   0.00005   0.00122   0.00137   0.00302   0.00000   0.00000   0.00700   0.00256   0.00140   1.91690   0.95364   0.06726   3.54909  
 48  0.0843   7480.605288  x:  0.00000   0.00000   0.00064   0.00057   0.00197   0.10168   0.12227   0.60070   0.00005   0.00144   0.00109   0.00330   0.00000   0.00000   0.00694   0.00262   0.00089   1.88232   0.95338   0.06519   3.49659  
 49  0.0375   7480.484004  x:  0.00000   0.00000   0.00082   0.00062   0.00198   0.09954   0.12260   0.60070   0.00005   0.00176   0.00109   0.00346   0.00000   0.00000   0.00634   0.00256   0.00082   1.87575   0.95388   0.06598   3.44768  
 50  0.0393   7480.469182  x:  0.00000   0.00000   0.00082   0.00064   0.00197   0.09919   0.12309   0.60159   0.00005   0.00184   0.00101   0.00350   0.00000   0.00000   0.00607   0.00256   0.00085   1.87832   0.95357   0.06616   3.44799  
 51  0.0088   7480.466202  x:  0.00000   0.00000   0.00083   0.00065   0.00196   0.09906   0.12333   0.60243   0.00005   0.00188   0.00097   0.00350   0.00000   0.00000   0.00597   0.00255   0.00086   1.87916   0.95337   0.06615   3.45055  
 52  0.0269   7480.422316  x:  0.00000   0.00000   0.00088   0.00062   0.00191   0.10101   0.12478   0.60559   0.00005   0.00179   0.00101   0.00330   0.00000   0.00000   0.00602   0.00253   0.00094   1.89224   0.95303   0.06654   3.48887  
 53  0.0251   7480.418535  x:  0.00000   0.00000   0.00090   0.00060   0.00189   0.10158   0.12520   0.60673   0.00005   0.00176   0.00100   0.00325   0.00000   0.00000   0.00604   0.00251   0.00096   1.89552   0.95286   0.06658   3.50368  
 54  0.0622   7480.405412  x:  0.00000   0.00000   0.00094   0.00056   0.00189   0.10257   0.12577   0.60866   0.00005   0.00168   0.00096   0.00318   0.00000   0.00000   0.00615   0.00247   0.00097   1.89895   0.95249   0.06648   3.53802  
 55  0.0651   7480.395404  x:  0.00000   0.00000   0.00100   0.00051   0.00190   0.10328   0.12609   0.60989   0.00005   0.00161   0.00091   0.00315   0.00000   0.00000   0.00625   0.00242   0.00097   1.90069   0.95220   0.06640   3.56958  
 56  0.1274   7480.387405  x:  0.00000   0.00000   0.00107   0.00048   0.00191   0.10381   0.12626   0.61064   0.00005   0.00156   0.00086   0.00313   0.00000   0.00000   0.00634   0.00236   0.00097   1.90164   0.95201   0.06640   3.59850  
 57  0.1935   7480.380932  x:  0.00000   0.00000   0.00114   0.00044   0.00192   0.10420   0.12634   0.61110   0.00005   0.00151   0.00081   0.00312   0.00000   0.00000   0.00641   0.00229   0.00097   1.90215   0.95189   0.06647   3.62518  
 58  0.2596   7480.375584  x:  0.00000   0.00000   0.00122   0.00042   0.00194   0.10448   0.12637   0.61138   0.00005   0.00148   0.00076   0.00311   0.00000   0.00000   0.00646   0.00221   0.00097   1.90240   0.95183   0.06661   3.65028  
 59  0.3283   7480.371114  x:  0.00000   0.00000   0.00130   0.00040   0.00195   0.10469   0.12638   0.61155   0.00005   0.00146   0.00073   0.00311   0.00000   0.00000   0.00651   0.00213   0.00097   1.90248   0.95180   0.06679   3.67425  
 60  0.4029   7480.367356  x:  0.00000   0.00000   0.00138   0.00038   0.00196   0.10485   0.12636   0.61166   0.00005   0.00144   0.00070   0.00311   0.00000   0.00000   0.00654   0.00205   0.00097   1.90246   0.95180   0.06701   3.69728  
 61  0.4848   7480.364194  x:  0.00000   0.00000   0.00145   0.00036   0.00198   0.10496   0.12633   0.61172   0.00005   0.00143   0.00067   0.00311   0.00000   0.00000   0.00657   0.00196   0.00097   1.90239   0.95182   0.06725   3.71937  
 62  0.5717   7480.361531  x:  0.00000   0.00000   0.00152   0.00035   0.00199   0.10504   0.12630   0.61174   0.00005   0.00142   0.00065   0.00311   0.00000   0.00000   0.00659   0.00188   0.00097   1.90229   0.95183   0.06750   3.74041  
 63  0.6587   7480.359280  x:  0.00000   0.00000   0.00159   0.00034   0.00199   0.10510   0.12626   0.61173   0.00005   0.00141   0.00064   0.00311   0.00000   0.00000   0.00661   0.00180   0.00097   1.90219   0.95186   0.06774   3.76031  
 64  0.7394   7480.357361  x:  0.00000   0.00000   0.00165   0.00033   0.00200   0.10513   0.12622   0.61171   0.00005   0.00141   0.00063   0.00311   0.00000   0.00000   0.00662   0.00172   0.00097   1.90208   0.95188   0.06798   3.77904  
 65  0.8082   7480.355707  x:  0.00000   0.00000   0.00170   0.00033   0.00201   0.10515   0.12618   0.61167   0.00005   0.00140   0.00062   0.00311   0.00000   0.00000   0.00663   0.00165   0.00097   1.90198   0.95189   0.06820   3.79666  
 66  0.8619   7480.135039  x:  0.00000   0.00000   0.00160   0.00043   0.00211   0.10099   0.12273   0.60297   0.00005   0.00156   0.00067   0.00348   0.00000   0.00000   0.00661   0.00161   0.00074   1.87557   0.95325   0.06818   3.72621  
 67  0.0202   7480.095299  x:  0.00000   0.00000   0.00154   0.00049   0.00214   0.09925   0.12135   0.59792   0.00005   0.00163   0.00070   0.00366   0.00000   0.00000   0.00651   0.00153   0.00075   1.86929   0.95402   0.06895   3.70927  
 68  0.0271   7480.021316  x:  0.00000   0.00000   0.00136   0.00062   0.00211   0.09728   0.12028   0.59186   0.00005   0.00173   0.00073   0.00380   0.00000   0.00000   0.00620   0.00134   0.00079   1.87091   0.95503   0.07117   3.71742  
 69  0.0164   7479.970546  x:  0.00000   0.00000   0.00116   0.00073   0.00206   0.09618   0.12003   0.58909   0.00005   0.00180   0.00076   0.00385   0.00000   0.00000   0.00593   0.00114   0.00082   1.87514   0.95563   0.07328   3.75125  
 70  0.1254   7479.942667  x:  0.00000   0.00000   0.00102   0.00080   0.00203   0.09578   0.12015   0.58854   0.00006   0.00184   0.00078   0.00386   0.00000   0.00000   0.00577   0.00098   0.00084   1.87806   0.95588   0.07473   3.79123  
 71  0.2799   7479.927922  x:  0.00000   0.00000   0.00091   0.00084   0.00200   0.09572   0.12040   0.58891   0.00006   0.00187   0.00079   0.00385   0.00000   0.00000   0.00569   0.00085   0.00086   1.88004   0.95595   0.07576   3.83127  
 72  0.3698   7479.920948  x:  0.00000   0.00000   0.00086   0.00085   0.00198   0.09581   0.12060   0.58945   0.00006   0.00188   0.00080   0.00383   0.00000   0.00000   0.00567   0.00078   0.00088   1.88112   0.95593   0.07627   3.85757  
 73  0.3847   7479.644326  x:  0.00000   0.00000   0.00082   0.00073   0.00187   0.10068   0.12461   0.60192   0.00006   0.00172   0.00079   0.00339   0.00000   0.00000   0.00585   0.00081   0.00109   1.90279   0.95408   0.07590   3.96489  
 74  0.0585   7479.629486  x:  0.00000   0.00000   0.00078   0.00070   0.00185   0.10133   0.12516   0.60520   0.00006   0.00170   0.00078   0.00326   0.00000   0.00000   0.00596   0.00078   0.00104   1.90253   0.95364   0.07544   3.99708  
 75  0.0555   7479.626593  x:  0.00000   0.00000   0.00076   0.00067   0.00186   0.10148   0.12525   0.60632   0.00006   0.00169   0.00079   0.00324   0.00000   0.00000   0.00602   0.00075   0.00101   1.90061   0.95349   0.07515   4.01270  
 76  0.1271   7479.626585  x:  0.00000   0.00000   0.00076   0.00067   0.00186   0.10149   0.12525   0.60636   0.00006   0.00169   0.00079   0.00324   0.00000   0.00000   0.00602   0.00075   0.00101   1.90050   0.95348   0.07514   4.01363  
 77  0.2148   7479.626585  x:  0.00000   0.00000   0.00076   0.00067   0.00186   0.10149   0.12525   0.60636   0.00006   0.00169   0.00079   0.00324   0.00000   0.00000   0.00602   0.00075   0.00101   1.90050   0.95348   0.07514   4.01363  
 78  0.2931   7477.845609  x:  0.00000   0.00000   0.00076   0.00067   0.00186   0.10149   0.12525   0.60636   0.00086   0.00169   0.00079   0.00324   0.00000   0.00000   0.00602   0.00075   0.00101   1.90050   0.95348   0.07514   4.01363  
 79 5595303.6065   7477.814147  x:  0.00000   0.00000   0.00085   0.00063   0.00186   0.10149   0.12524   0.60636   0.00086   0.00168   0.00083   0.00327   0.00000   0.00000   0.00605   0.00092   0.00090   1.90050   0.95348   0.07514   4.01363  
 80 293.7054   7477.810037  x:  0.00000   0.00000   0.00083   0.00057   0.00190   0.10148   0.12523   0.60636   0.00086   0.00166   0.00082   0.00333   0.00000   0.00000   0.00610   0.00091   0.00085   1.90050   0.95349   0.07512   4.01363  
 81 69.2826   7477.806869  x:  0.00000   0.00000   0.00084   0.00052   0.00196   0.10146   0.12521   0.60635   0.00086   0.00166   0.00083   0.00340   0.00000   0.00000   0.00618   0.00091   0.00089   1.90050   0.95351   0.07510   4.01364  
 82 78.1258   7477.806197  x:  0.00000   0.00000   0.00083   0.00053   0.00200   0.10144   0.12519   0.60635   0.00086   0.00167   0.00082   0.00338   0.00000   0.00000   0.00621   0.00092   0.00089   1.90050   0.95352   0.07507   4.01364  
 83 27.0580   7477.805481  x:  0.00000   0.00000   0.00084   0.00050   0.00201   0.10141   0.12515   0.60634   0.00086   0.00168   0.00083   0.00334   0.00000   0.00000   0.00624   0.00090   0.00088   1.90050   0.95355   0.07503   4.01364  
 84 35.0267   7477.804698  x:  0.00000   0.00000   0.00083   0.00048   0.00201   0.10136   0.12508   0.60632   0.00086   0.00166   0.00083   0.00332   0.00000   0.00000   0.00625   0.00092   0.00089   1.90049   0.95359   0.07496   4.01364  
 85 36.2151   7477.801059  x:  0.00000   0.00000   0.00084   0.00053   0.00201   0.10108   0.12473   0.60624   0.00086   0.00161   0.00082   0.00332   0.00000   0.00000   0.00624   0.00091   0.00088   1.90048   0.95379   0.07459   4.01365  
 86 87.1337   7477.797290  x:  0.00000   0.00000   0.00084   0.00053   0.00197   0.10079   0.12435   0.60615   0.00086   0.00167   0.00083   0.00335   0.00000   0.00000   0.00621   0.00091   0.00088   1.90046   0.95400   0.07420   4.01365  
 87 264.8452   7477.797191  x:  0.00000   0.00000   0.00084   0.00052   0.00197   0.10078   0.12434   0.60615   0.00086   0.00167   0.00082   0.00335   0.00000   0.00000   0.00621   0.00091   0.00089   1.90046   0.95400   0.07419   4.01365  
 88 22.7994   7477.796456  x:  0.00000   0.00000   0.00084   0.00049   0.00202   0.10070   0.12421   0.60609   0.00086   0.00167   0.00083   0.00335   0.00000   0.00000   0.00615   0.00091   0.00088   1.90044   0.95387   0.07411   4.01366  
 89 11.7404   7477.795232  x:  0.00000   0.00000   0.00084   0.00052   0.00198   0.10057   0.12396   0.60596   0.00086   0.00167   0.00083   0.00336   0.00000   0.00000   0.00620   0.00091   0.00089   1.90041   0.95359   0.07396   4.01366  
 90 26.6017   7477.794157  x:  0.00000   0.00000   0.00084   0.00052   0.00198   0.10094   0.12393   0.60544   0.00086   0.00167   0.00083   0.00336   0.00000   0.00000   0.00620   0.00091   0.00089   1.90030   0.95337   0.07340   4.01368  
 91  3.0278   7477.793176  x:  0.00000   0.00000   0.00084   0.00052   0.00198   0.10107   0.12369   0.60385   0.00086   0.00167   0.00083   0.00335   0.00000   0.00000   0.00620   0.00091   0.00089   1.89980   0.95356   0.07374   4.01374  
 92  1.4519   7477.793025  x:  0.00000   0.00000   0.00084   0.00052   0.00198   0.10085   0.12393   0.60359   0.00086   0.00167   0.00083   0.00335   0.00000   0.00000   0.00620   0.00091   0.00089   1.89950   0.95354   0.07369   4.01378  
 93  0.7939   7477.791115  x:  0.00000   0.00000   0.00084   0.00052   0.00198   0.10090   0.12388   0.60353   0.00086   0.00167   0.00083   0.00335   0.00000   0.00000   0.00620   0.00091   0.00089   1.88833   0.95359   0.07374   4.01519  
 94  0.5074   7477.780138  x:  0.00000   0.00000   0.00081   0.00053   0.00198   0.10105   0.12387   0.60375   0.00086   0.00168   0.00082   0.00336   0.00000   0.00000   0.00619   0.00085   0.00091   1.88866   0.95340   0.07846   4.35757  
 95  0.0428   7477.742334  x:  0.00000   0.00000   0.00078   0.00055   0.00198   0.10074   0.12444   0.60362   0.00086   0.00169   0.00081   0.00335   0.00000   0.00000   0.00618   0.00078   0.00097   1.88924   0.95231   0.11165   6.82476  
 96  0.6810   7477.703554  x:  0.00000   0.00000   0.00084   0.00051   0.00199   0.10122   0.12355   0.60360   0.00086   0.00166   0.00082   0.00335   0.00000   0.00000   0.00620   0.00094   0.00088   1.88954   0.95296   0.13409   8.55158  
 97  0.6746   7477.689537  x:  0.00000   0.00000   0.00085   0.00052   0.00198   0.10094   0.12394   0.60395   0.00086   0.00167   0.00084   0.00336   0.00000   0.00000   0.00620   0.00092   0.00088   1.89054   0.95160   0.16066  10.74963  
 98  0.9421   7477.669943  x:  0.00000   0.00000   0.00082   0.00053   0.00198   0.10109   0.12386   0.60348   0.00086   0.00167   0.00082   0.00335   0.00000   0.00000   0.00619   0.00085   0.00090   1.88986   0.95233   0.20908  14.75221  
 99  1.0620   7477.659254  x:  0.00000   0.00000   0.00083   0.00051   0.00198   0.10114   0.12376   0.60408   0.00086   0.00166   0.00081   0.00335   0.00000   0.00000   0.00620   0.00091   0.00089   1.89148   0.95124   0.24813  18.12786  
100  1.6153   7477.647581  x:  0.00000   0.00000   0.00086   0.00053   0.00198   0.10068   0.12424   0.60337   0.00086   0.00167   0.00085   0.00336   0.00000   0.00000   0.00621   0.00092   0.00088   1.89014   0.95153   0.33181  25.53554  
101  1.4154   7477.640367  x:  0.00000   0.00000   0.00083   0.00051   0.00199   0.10132   0.12360   0.60445   0.00086   0.00166   0.00082   0.00335   0.00000   0.00000   0.00620   0.00090   0.00088   1.89211   0.95078   0.39387  31.04865  
102  3.4440   7477.633514  x:  0.00000   0.00000   0.00081   0.00053   0.00197   0.10070   0.12437   0.60382   0.00085   0.00167   0.00081   0.00335   0.00000   0.00000   0.00619   0.00089   0.00092   1.89200   0.95044   0.58855  48.72711  
103  2.5314   7477.630202  x:  0.00000   0.00000   0.00084   0.00051   0.00199   0.10121   0.12372   0.60449   0.00085   0.00166   0.00082   0.00335   0.00000   0.00000   0.00620   0.00090   0.00088   1.89236   0.95040   0.66147  55.40327  
104  4.0845   7477.628027  x:  0.00000   0.00000   0.00083   0.00053   0.00198   0.10113   0.12388   0.60461   0.00085   0.00167   0.00083   0.00336   0.00000   0.00000   0.00620   0.00091   0.00090   1.89284   0.94992   0.89853  77.10090  
105  4.8021   7477.626579  x:  0.00000   0.00000   0.00083   0.00052   0.00198   0.10117   0.12381   0.60452   0.00085   0.00167   0.00082   0.00335   0.00000   0.00000   0.00620   0.00090   0.00089   1.89267   0.95020   1.04650  90.77659  
106  7.1026   7477.626079  x:  0.00000   0.00000   0.00083   0.00052   0.00198   0.10116   0.12382   0.60455   0.00085   0.00167   0.00082   0.00335   0.00000   0.00000   0.00620   0.00090   0.00089   1.89277   0.95010   1.13605  99.00000  
107 12.8620   7477.625750  x:  0.00000   0.00000   0.00083   0.00052   0.00198   0.10116   0.12382   0.60455   0.00085   0.00167   0.00082   0.00335   0.00000   0.00000   0.00620   0.00090   0.00089   1.89277   0.95010   1.12973  99.00000  
108  2.1827   7477.625458  x:  0.00000   0.00000   0.00083   0.00052   0.00198   0.10112   0.12387   0.60469   0.00085   0.00167   0.00082   0.00335   0.00000   0.00000   0.00620   0.00090   0.00089   1.89287   0.94989   1.12662  99.00000  
109  0.0025   7477.625456  x:  0.00000   0.00000   0.00083   0.00052   0.00198   0.10112   0.12387   0.60470   0.00085   0.00167   0.00082   0.00335   0.00000   0.00000   0.00620   0.00090   0.00089   1.89287   0.94989   1.12657  99.00000  
110  0.0001   7477.625456  x:  0.00000   0.00000   0.00083   0.00052   0.00198   0.10112   0.12387   0.60470   0.00085   0.00167   0.00082   0.00335   0.00000   0.00000   0.00620   0.00090   0.00089   1.89287   0.94989   1.12657  99.00000  