

TREE # 1

  0  0.0000   9151.617882  x:  0.07416   0.02222   0.07357   0.10003   0.08875   0.05061   0.08134   0.06779   0.08053   0.04750   0.06234   0.04128   0.08732   0.09069   0.04036   0.02336   0.04299   2.00000   0.90000   0.81555   1.49795   1.05000  
  1 99.0000   8526.153686  x:  0.05198   0.00000   0.05162   0.07935   0.06824   0.07662   0.09772   0.18533   0.05864   0.02614   0.04051   0.02114   0.06523   0.06862   0.02302   0.00333   0.02266   2.00015   0.90777   0.80908   1.50060   1.05019  
  2 6447.0046   8464.060740  x:  0.04611   0.00000   0.04587   0.07374   0.06264   0.07739   0.09902   0.18517   0.05288   0.02074   0.03479   0.01647   0.05939   0.06278   0.01941   0.00000   0.01743   2.00021   0.90998   0.80756   1.50126   1.05015  
  3 4782.5252   8263.667628  x:  0.02654   0.00000   0.02670   0.05502   0.04398   0.08007   0.10344   0.18523   0.03368   0.00275   0.01574   0.00092   0.03992   0.04332   0.00736   0.00001   0.00000   2.00041   0.91737   0.80247   1.50346   1.05000  
  4 113710.2257   8257.158786  x:  0.02550   0.00000   0.02569   0.05402   0.04299   0.08021   0.10367   0.18523   0.03266   0.00180   0.01473   0.00011   0.03888   0.04229   0.00672   0.00001   0.00002   2.00042   0.91777   0.80220   1.50357   1.04999  
  5 42009.2520   8242.623838  x:  0.02359   0.00000   0.02381   0.05219   0.04116   0.08047   0.10410   0.18525   0.03078   0.00016   0.01287   0.00025   0.03699   0.04039   0.00561   0.00001   0.00002   2.00044   0.91849   0.80170   1.50379   1.04997  
  6 41029.1641   8229.207381  x:  0.02199   0.00000   0.02226   0.05067   0.03964   0.08069   0.10445   0.18528   0.02922   0.00019   0.01132   0.00028   0.03541   0.03881   0.00472   0.00000   0.00002   2.00045   0.91909   0.80129   1.50397   1.04996  
  7 34946.3252   8229.207381  x:  0.02199   0.00000   0.02226   0.05067   0.03964   0.08069   0.10445   0.18528   0.02922   0.00019   0.01132   0.00028   0.03541   0.03881   0.00472   0.00000   0.00002   2.00045   0.91909   0.80129   1.50397   1.04996  
  8 19451.6828   8221.256307  x:  0.02198   0.00000   0.02224   0.05066   0.03963   0.08069   0.10446   0.18529   0.02921   0.00028   0.01131   0.00036   0.03540   0.03880   0.00472   0.00250   0.00054   2.00045   0.91910   0.80129   1.50397   1.04996  
  9 239671.0644   8205.124973  x:  0.01937   0.00000   0.01973   0.04816   0.03716   0.08137   0.10498   0.18840   0.02667   0.01389   0.00892   0.01508   0.03288   0.03628   0.00579   0.00180   0.00266   2.00048   0.92014   0.80071   1.50424   1.04991  
 10 9100.6197   8124.847688  x:  0.01081   0.00000   0.01155   0.04002   0.02908   0.08356   0.10667   0.19836   0.01841   0.01349   0.00122   0.01595   0.02439   0.02779   0.00733   0.00234   0.00000   2.00057   0.92356   0.79881   1.50512   1.04973  
 11 3845.7043   8113.506534  x:  0.00945   0.00000   0.01025   0.03872   0.02779   0.08390   0.10694   0.19994   0.01709   0.01338   0.00000   0.01604   0.02304   0.02645   0.00758   0.00233   0.00001   2.00059   0.92410   0.79851   1.50526   1.04970  
 12 284647.2328   8029.733294  x:  0.00000   0.00000   0.00121   0.02970   0.01884   0.08630   0.10880   0.21091   0.00794   0.01263   0.00011   0.01668   0.01364   0.01704   0.00920   0.00234   0.00003   2.00069   0.92788   0.79640   1.50623   1.04951  
 13 34887.3918   7979.412546  x:  0.00000   0.00000   0.00227   0.02103   0.01039   0.08764   0.10985   0.21886   0.00000   0.01206   0.00014   0.01736   0.00443   0.00784   0.00662   0.00234   0.00003   2.00080   0.93164   0.79446   1.50715   1.04930  
 14 13305.6550   7955.837636  x:  0.00000   0.00000   0.00255   0.01686   0.00632   0.08831   0.11037   0.22274   0.00001   0.01178   0.00016   0.01769   0.00000   0.00341   0.00548   0.00235   0.00003   2.00085   0.93345   0.79353   1.50759   1.04920  
 15 18446.7344   7945.166526  x:  0.00000   0.00000   0.00323   0.01400   0.00415   0.08828   0.11036   0.22417   0.00001   0.01165   0.00017   0.01778   0.00000   0.00000   0.00678   0.00235   0.00003   2.00089   0.93485   0.79287   1.50792   1.04913  
 16 9863.2429   7929.432742  x:  0.00000   0.00000   0.00143   0.00000   0.00234   0.08540   0.10816   0.22436   0.00000   0.01176   0.00014   0.01780   0.00000   0.00000   0.00582   0.00235   0.00002   2.00117   0.94355   0.78909   1.50982   1.04871  
 17 2447.4313   7922.890719  x:  0.00000   0.00000   0.00109   0.00024   0.00132   0.08338   0.10659   0.22646   0.00000   0.01167   0.00014   0.01794   0.00000   0.00000   0.00558   0.00235   0.00002   2.00143   0.95184   0.78542   1.51166   1.04831  
 18 1004.3485   7922.890719  x:  0.00000   0.00000   0.00109   0.00024   0.00132   0.08338   0.10659   0.22646   0.00000   0.01167   0.00014   0.01794   0.00000   0.00000   0.00558   0.00235   0.00002   2.00143   0.95184   0.78542   1.51166   1.04831  
 19 26621.1412   7916.102425  x:  0.00000   0.00000   0.00108   0.00026   0.00133   0.08338   0.10660   0.22646   0.00156   0.01167   0.00017   0.01793   0.00000   0.00000   0.00558   0.00234   0.00032   2.00143   0.95184   0.78541   1.51166   1.04831  
 20 238933.9762   7913.162821  x:  0.00000   0.00000   0.00097   0.00136   0.00154   0.08347   0.10666   0.22688   0.00137   0.01120   0.00206   0.01749   0.00000   0.00000   0.00567   0.00203   0.00129   2.00143   0.95206   0.78530   1.51171   1.04830  
 21 5333.6909   7904.731275  x:  0.00000   0.00000   0.00054   0.00194   0.00133   0.08407   0.10711   0.22958   0.00135   0.00817   0.00167   0.01463   0.00000   0.00000   0.00613   0.00018   0.00143   2.00147   0.95352   0.78453   1.51207   1.04824  
 22 2067.5903   7887.633703  x:  0.00000   0.00000   0.00027   0.00318   0.00088   0.08554   0.10820   0.23617   0.00129   0.00082   0.00089   0.00768   0.00000   0.00000   0.00718   0.00051   0.00175   2.00157   0.95707   0.78267   1.51295   1.04811  
 23 13598.7941   7886.727701  x:  0.00000   0.00000   0.00073   0.00322   0.00089   0.08570   0.10832   0.23691   0.00129   0.00044   0.00089   0.00694   0.00000   0.00000   0.00725   0.00045   0.00173   2.00159   0.95748   0.78245   1.51305   1.04810  
 24 6773.7821   7879.229188  x:  0.00000   0.00000   0.00107   0.00342   0.00096   0.08686   0.10919   0.24226   0.00133   0.00096   0.00087   0.00168   0.00000   0.00000   0.00773   0.00048   0.00155   2.00167   0.96044   0.78090   1.51378   1.04799  
 25 5982.5818   7862.956178  x:  0.00000   0.00000   0.00077   0.00107   0.00166   0.09035   0.11182   0.25893   0.00159   0.00068   0.00271   0.00162   0.00000   0.00000   0.00760   0.00043   0.00009   2.00193   0.97000   0.77584   1.51614   1.04767  
 26 2425.2852   7856.610378  x:  0.00000   0.00000   0.00071   0.00000   0.00190   0.09179   0.11290   0.26580   0.00156   0.00063   0.00313   0.00167   0.00000   0.00000   0.00754   0.00041   0.00028   2.00204   0.97395   0.77376   1.51712   1.04754  
 27 93244.3250   7814.269166  x:  0.00000   0.00000   0.00124   0.00071   0.00393   0.10115   0.11997   0.31086   0.00150   0.00129   0.00233   0.00387   0.00000   0.00000   0.00698   0.00055   0.00062   2.00277   0.99999   0.75996   1.52358   1.04669  
 28 39841.4560   7811.385197  x:  0.00000   0.00000   0.00146   0.00103   0.00079   0.10143   0.12027   0.31503   0.00150   0.00151   0.00259   0.00413   0.00000   0.00000   0.00638   0.00055   0.00056   2.00288   0.99999   0.75766   1.52459   1.04666  
 29 1797.3944   7807.648822  x:  0.00000   0.00000   0.00131   0.00109   0.00100   0.09626   0.11728   0.31946   0.00150   0.00135   0.00254   0.00377   0.00000   0.00000   0.00271   0.00052   0.00060   2.00336   0.99999   0.74548   1.52958   1.04708  
 30 549.3658   7778.535815  x:  0.00000   0.00000   0.00141   0.00111   0.00106   0.04908   0.08990   0.35548   0.00150   0.00147   0.00250   0.00409   0.00000   0.00000   0.00474   0.00054   0.00061   2.00773   0.99999   0.63522   1.57466   1.05105  
 31 5732.6957   7558.136694  x:  0.00000   0.00000   0.00159   0.00110   0.00133   0.04113   0.06945   0.40661   0.00149   0.00168   0.00243   0.00470   0.00000   0.00000   0.00465   0.00059   0.00066   2.02774   0.99999   0.09657   1.78578   1.07277  
 32 1906.2622   7553.093712  x:  0.00000   0.00000   0.00160   0.00110   0.00135   0.04053   0.06856   0.40949   0.00149   0.00169   0.00243   0.00473   0.00000   0.00000   0.00465   0.00059   0.00066   2.02886   0.99644   0.06609   1.79773   1.07402  
 33 24291.1951   7551.407661  x:  0.00000   0.00000   0.00160   0.00110   0.00135   0.03304   0.08301   0.40915   0.00149   0.00169   0.00243   0.00472   0.00000   0.00000   0.00461   0.00059   0.00066   2.03039   0.99665   0.06570   1.82403   1.08226  
 34 117.5646   7529.522701  x:  0.00000   0.00000   0.00158   0.00100   0.00158   0.03046   0.10622   0.41702   0.00149   0.00167   0.00244   0.00466   0.00000   0.00000   0.00479   0.00060   0.00065   2.07247   0.97478   0.10228   2.53593   1.30295  
 35 394.6432   7517.582434  x:  0.00000   0.00000   0.00163   0.00081   0.00205   0.03512   0.10602   0.44786   0.00150   0.00172   0.00249   0.00477   0.00000   0.00000   0.00506   0.00064   0.00061   1.82435   0.97165   0.06657   2.57749   1.97778  
 36 30.1333   7492.128421  x:  0.00000   0.00000   0.00113   0.00000   0.00263   0.06244   0.11818   0.48915   0.00154   0.00121   0.00282   0.00319   0.00000   0.00000   0.00603   0.00072   0.00039   2.21554   0.97510   0.07195   2.59456   1.87672  
 37  1.1051   7492.128421  x:  0.00000   0.00000   0.00113   0.00000   0.00263   0.06244   0.11818   0.48915   0.00154   0.00121   0.00282   0.00319   0.00000   0.00000   0.00603   0.00072   0.00039   2.21554   0.97510   0.07195   2.59456   1.87672  
 38 11.2146   7490.874951  x:  0.00000   0.00000   0.00075   0.00025   0.00251   0.06278   0.11833   0.48927   0.00091   0.00164   0.00188   0.00320   0.00000   0.00000   0.00601   0.00097   0.00182   2.21553   0.97531   0.07197   2.59456   1.87672  
 39 1899.2599   7490.027691  x:  0.00000   0.00000   0.00072   0.00035   0.00227   0.06327   0.11854   0.48945   0.00051   0.00176   0.00073   0.00322   0.00000   0.00000   0.00599   0.00091   0.00161   2.21551   0.97561   0.07201   2.59456   1.87671  
 40 1233.1247   7489.877519  x:  0.00000   0.00000   0.00071   0.00043   0.00215   0.06356   0.11867   0.48956   0.00076   0.00180   0.00049   0.00323   0.00000   0.00000   0.00598   0.00094   0.00162   2.21550   0.97579   0.07203   2.59456   1.87671  
 41 892.0031   7488.427357  x:  0.00000   0.00000   0.00075   0.00131   0.00068   0.06763   0.12045   0.49108   0.00078   0.00220   0.00069   0.00334   0.00000   0.00000   0.00587   0.00104   0.00147   2.21539   0.97821   0.07235   2.59455   1.87666  
 42 1014.4940   7486.935030  x:  0.00000   0.00000   0.00066   0.00246   0.00168   0.07431   0.12334   0.49362   0.00075   0.00203   0.00078   0.00336   0.00000   0.00000   0.00574   0.00085   0.00131   2.21519   0.98191   0.07297   2.59454   1.87658  
 43 2628.1451   7485.737610  x:  0.00000   0.00000   0.00107   0.00081   0.00187   0.07915   0.12536   0.49561   0.00073   0.00119   0.00071   0.00314   0.00000   0.00000   0.00578   0.00109   0.00169   2.21502   0.98363   0.07370   2.59452   1.87653  
 44 1689.4453   7485.350342  x:  0.00000   0.00000   0.00073   0.00010   0.00198   0.08079   0.12602   0.49634   0.00077   0.00145   0.00075   0.00309   0.00000   0.00000   0.00582   0.00097   0.00166   2.21496   0.98387   0.07404   2.59451   1.87651  
 45 1994.6603   7484.799685  x:  0.00000   0.00000   0.00105   0.00000   0.00212   0.08292   0.12677   0.49748   0.00077   0.00182   0.00076   0.00309   0.00000   0.00000   0.00594   0.00108   0.00164   2.21486   0.98297   0.07479   2.59449   1.87650  
 46 760.1871   7483.292853  x:  0.00000   0.00000   0.00045   0.00029   0.00203   0.09123   0.12958   0.50216   0.00078   0.00118   0.00079   0.00315   0.00000   0.00000   0.00635   0.00121   0.00159   2.21444   0.97881   0.07790   2.59441   1.87646  
 47 3498.3363   7483.193955  x:  0.00000   0.00000   0.00053   0.00030   0.00198   0.09174   0.12971   0.50256   0.00080   0.00112   0.00079   0.00318   0.00000   0.00000   0.00628   0.00083   0.00169   2.21440   0.97855   0.07810   2.59441   1.87646  
 48 777.0281   7483.054539  x:  0.00000   0.00000   0.00053   0.00027   0.00200   0.09214   0.12923   0.50438   0.00080   0.00112   0.00079   0.00329   0.00000   0.00000   0.00521   0.00088   0.00168   2.21423   0.97841   0.07844   2.59439   1.87645  
 49 167.2786   7481.677382  x:  0.00000   0.00000   0.00052   0.00037   0.00197   0.09420   0.12167   0.52714   0.00081   0.00120   0.00081   0.00179   0.00000   0.00000   0.00520   0.00083   0.00166   2.21204   0.97896   0.08137   2.59427   1.87634  
 50 384.0827   7479.678300  x:  0.00000   0.00000   0.00054   0.00020   0.00206   0.09778   0.10816   0.56793   0.00082   0.00118   0.00081   0.00334   0.00000   0.00000   0.00607   0.00089   0.00167   2.20811   0.98004   0.08644   2.59405   1.87616  
 51 10097.7412   7478.513131  x:  0.00000   0.00000   0.00053   0.00005   0.00213   0.09675   0.11234   0.59499   0.00081   0.00109   0.00082   0.00338   0.00000   0.00000   0.00610   0.00089   0.00169   2.20431   0.97582   0.07076   2.59431   1.87647  
 52 135.2232   7478.127761  x:  0.00000   0.00000   0.00053   0.00010   0.00211   0.08860   0.12478   0.60747   0.00082   0.00111   0.00082   0.00343   0.00000   0.00000   0.00614   0.00089   0.00169   2.20059   0.97620   0.07388   2.59418   1.87669  
 53 57.5159   7477.026503  x:  0.00000   0.00000   0.00055   0.00014   0.00211   0.08957   0.12447   0.60099   0.00082   0.00118   0.00081   0.00342   0.00000   0.00000   0.00614   0.00090   0.00165   1.91145   0.97726   0.07463   2.58599   1.91381  
 54  6.8655   7476.069606  x:  0.00000   0.00000   0.00079   0.00047   0.00225   0.10104   0.12652   0.62059   0.00073   0.00201   0.00074   0.00351   0.00000   0.00000   0.00612   0.00093   0.00106   1.96057   0.97929   0.07526   2.38089   2.29786  
 55  0.5370   7475.820539  x:  0.00000   0.00000   0.00090   0.00018   0.00239   0.10427   0.12645   0.62628   0.00079   0.00190   0.00080   0.00344   0.00000   0.00000   0.00622   0.00101   0.00087   1.93254   0.97575   0.06446   2.03952   2.07430  
 56  0.5451   7475.715172  x:  0.00000   0.00000   0.00088   0.00000   0.00242   0.10513   0.12668   0.63176   0.00085   0.00176   0.00084   0.00339   0.00000   0.00000   0.00623   0.00093   0.00086   1.93581   0.97750   0.06133   1.77726   2.24362  
 57  0.3608   7475.715172  x:  0.00000   0.00000   0.00088   0.00000   0.00242   0.10513   0.12668   0.63176   0.00085   0.00176   0.00084   0.00339   0.00000   0.00000   0.00623   0.00093   0.00086   1.93581   0.97750   0.06133   1.77726   2.24362  
 58  0.5135   7475.707916  x:  0.00000   0.00000   0.00082   0.00005   0.00247   0.10513   0.12668   0.63176   0.00083   0.00170   0.00081   0.00339   0.00000   0.00000   0.00623   0.00090   0.00090   1.93581   0.97753   0.06130   1.77726   2.24362  
 59 117.1082   7475.702737  x:  0.00000   0.00000   0.00085   0.00001   0.00251   0.10511   0.12667   0.63176   0.00084   0.00160   0.00082   0.00340   0.00000   0.00000   0.00623   0.00090   0.00088   1.93581   0.97765   0.06118   1.77726   2.24362  
 60 61.4865   7475.701892  x:  0.00000   0.00000   0.00085   0.00000   0.00251   0.10511   0.12666   0.63176   0.00084   0.00160   0.00082   0.00340   0.00000   0.00000   0.00623   0.00090   0.00088   1.93581   0.97766   0.06117   1.77726   2.24362  
 61 122.0674   7475.698017  x:  0.00000   0.00000   0.00088   0.00000   0.00257   0.10509   0.12665   0.63176   0.00083   0.00164   0.00082   0.00339   0.00000   0.00000   0.00623   0.00085   0.00089   1.93581   0.97778   0.06103   1.77727   2.24362  
 62 227.0846   7475.696573  x:  0.00000   0.00000   0.00090   0.00000   0.00257   0.10505   0.12662   0.63175   0.00085   0.00165   0.00083   0.00336   0.00000   0.00000   0.00622   0.00087   0.00086   1.93581   0.97778   0.06094   1.77727   2.24363  
 63 24.3022   7475.695249  x:  0.00000   0.00000   0.00092   0.00000   0.00252   0.10500   0.12657   0.63174   0.00083   0.00165   0.00082   0.00334   0.00000   0.00000   0.00620   0.00087   0.00087   1.93581   0.97777   0.06082   1.77727   2.24363  
 64 47.2243   7475.694453  x:  0.00000   0.00000   0.00091   0.00000   0.00250   0.10496   0.12654   0.63174   0.00085   0.00166   0.00083   0.00335   0.00000   0.00000   0.00620   0.00085   0.00087   1.93581   0.97774   0.06074   1.77727   2.24363  
 65 53.5895   7475.691059  x:  0.00000   0.00000   0.00091   0.00000   0.00252   0.10475   0.12634   0.63170   0.00083   0.00166   0.00083   0.00343   0.00000   0.00000   0.00619   0.00086   0.00085   1.93581   0.97754   0.06037   1.77727   2.24365  
 66 70.3908   7475.689989  x:  0.00000   0.00000   0.00091   0.00000   0.00253   0.10468   0.12627   0.63168   0.00085   0.00166   0.00082   0.00341   0.00000   0.00000   0.00620   0.00087   0.00088   1.93581   0.97747   0.06025   1.77726   2.24365  
 67 88.1820   7475.689100  x:  0.00000   0.00000   0.00090   0.00000   0.00254   0.10461   0.12621   0.63167   0.00084   0.00165   0.00083   0.00337   0.00000   0.00000   0.00621   0.00086   0.00087   1.93582   0.97741   0.06015   1.77726   2.24366  
 68 86.3334   7475.689073  x:  0.00000   0.00000   0.00090   0.00000   0.00254   0.10460   0.12620   0.63167   0.00084   0.00165   0.00082   0.00337   0.00000   0.00000   0.00621   0.00086   0.00087   1.93582   0.97741   0.06015   1.77726   2.24366  
 69  4.1217   7475.688704  x:  0.00000   0.00000   0.00090   0.00000   0.00254   0.10446   0.12606   0.63164   0.00084   0.00165   0.00083   0.00337   0.00000   0.00000   0.00626   0.00086   0.00087   1.93582   0.97746   0.06020   1.77724   2.24367  
 70 17.5919   7475.688261  x:  0.00000   0.00000   0.00090   0.00000   0.00254   0.10427   0.12589   0.63160   0.00084   0.00165   0.00083   0.00337   0.00000   0.00000   0.00621   0.00086   0.00087   1.93583   0.97753   0.06028   1.77722   2.24369  
 71 22.8591   7475.687546  x:  0.00000   0.00000   0.00090   0.00000   0.00254   0.10431   0.12577   0.62992   0.00084   0.00165   0.00083   0.00337   0.00000   0.00000   0.00621   0.00086   0.00087   1.93605   0.97762   0.06032   1.77638   2.24435  
 72  0.7044   7475.686798  x:  0.00000   0.00000   0.00090   0.00000   0.00254   0.10374   0.12638   0.62978   0.00084   0.00165   0.00083   0.00337   0.00000   0.00000   0.00621   0.00086   0.00087   1.93655   0.97764   0.06028   1.77377   2.24631  
 73  0.5515   7475.583660  x:  0.00000   0.00000   0.00081   0.00000   0.00249   0.10421   0.12683   0.63685   0.00083   0.00164   0.00081   0.00340   0.00000   0.00000   0.00620   0.00091   0.00088   2.00672   0.98096   0.05192   1.40063   2.52606  
 74  6.7353   7475.498002  x:  0.00000   0.00000   0.00075   0.00000   0.00246   0.10399   0.12765   0.63888   0.00083   0.00163   0.00080   0.00342   0.00000   0.00000   0.00619   0.00095   0.00089   1.97660   0.98362   0.04573   1.12150   2.73067  
 75  7.5392   7475.409677  x:  0.00000   0.00000   0.00077   0.00000   0.00246   0.10381   0.12792   0.63741   0.00083   0.00166   0.00080   0.00342   0.00000   0.00000   0.00620   0.00096   0.00089   1.93163   0.98353   0.03811   0.91187   2.77392  
 76  0.2518   7475.396299  x:  0.00000   0.00000   0.00080   0.00000   0.00247   0.10390   0.12804   0.63769   0.00083   0.00167   0.00080   0.00341   0.00000   0.00000   0.00621   0.00094   0.00089   1.92560   0.98354   0.03916   0.95795   2.81666  
 77  0.2000   7475.346338  x:  0.00000   0.00000   0.00092   0.00000   0.00254   0.10438   0.12900   0.64136   0.00084   0.00173   0.00082   0.00337   0.00000   0.00000   0.00623   0.00088   0.00089   1.94919   0.98456   0.03818   0.89198   3.15021  
 78  0.4010   7475.327594  x:  0.00000   0.00000   0.00084   0.00000   0.00252   0.10433   0.13024   0.64705   0.00084   0.00166   0.00081   0.00340   0.00000   0.00000   0.00622   0.00088   0.00088   1.94563   0.98608   0.03631   0.81731   3.46945  
 79  0.2050   7475.320412  x:  0.00000   0.00000   0.00081   0.00000   0.00250   0.10430   0.13036   0.64751   0.00083   0.00165   0.00080   0.00341   0.00000   0.00000   0.00622   0.00089   0.00088   1.94845   0.98578   0.03671   0.83835   3.49325  
 80  0.0567   7475.318068  x:  0.00000   0.00000   0.00083   0.00000   0.00250   0.10436   0.13055   0.64760   0.00084   0.00167   0.00081   0.00341   0.00000   0.00000   0.00622   0.00090   0.00089   1.94930   0.98587   0.03597   0.81516   3.55485  
 81  0.0649   7475.317424  x:  0.00000   0.00000   0.00084   0.00000   0.00251   0.10443   0.13073   0.64822   0.00084   0.00168   0.00081   0.00340   0.00000   0.00000   0.00622   0.00090   0.00089   1.94903   0.98610   0.03597   0.81298   3.61423  
 82  0.0675   7475.317307  x:  0.00000   0.00000   0.00084   0.00000   0.00251   0.10444   0.13083   0.64874   0.00084   0.00167   0.00081   0.00340   0.00000   0.00000   0.00622   0.00090   0.00089   1.94918   0.98617   0.03579   0.80668   3.64378  
 83  0.0289   7475.317304  x:  0.00000   0.00000   0.00084   0.00000   0.00251   0.10444   0.13083   0.64873   0.00084   0.00167   0.00081   0.00340   0.00000   0.00000   0.00622   0.00090   0.00089   1.94909   0.98616   0.03582   0.80769   3.64254  