

TREE # 1

  0  0.0000  10098.007647  x:  0.09121   0.05761   0.03732   0.05284   0.05376   0.08921   0.04396   0.04582   0.03274   0.09888   0.01907   0.10484   0.07876   0.05960   0.04749   0.02686   0.07238   0.98059   0.84078   0.91144  
  1 99.0000   9129.096114  x:  0.06621   0.03382   0.08043   0.22125   0.08705   0.06532   0.01929   0.02337   0.00753   0.07391   0.00000   0.08133   0.05548   0.03446   0.02272   0.00235   0.04814   0.98449   0.82974   0.91139  
  2 9563.7983   9076.327890  x:  0.06304   0.03079   0.08234   0.22832   0.08895   0.06229   0.01626   0.02082   0.00434   0.07075   0.00958   0.07846   0.05271   0.03128   0.01964   0.00000   0.04511   0.98498   0.82834   0.91138  
  3 10770.8693   9019.235148  x:  0.05873   0.02666   0.08455   0.23645   0.09129   0.05816   0.01215   0.01739   0.00000   0.06644   0.02017   0.07454   0.04890   0.02697   0.01548   0.00491   0.04100   0.98565   0.82642   0.91138  
  4 38066.8089   8868.182509  x:  0.04576   0.01426   0.08460   0.23564   0.09371   0.04573   0.00000   0.00821   0.00000   0.05348   0.02025   0.06246   0.03703   0.01395   0.00317   0.00491   0.02879   0.98763   0.82063   0.91136  
  5 7139.0153   8836.264481  x:  0.04216   0.01089   0.08462   0.23546   0.09436   0.04228   0.00056   0.00606   0.00000   0.04986   0.02028   0.05910   0.03373   0.01032   0.00000   0.00492   0.02542   0.98817   0.81902   0.91136  
  6 29589.1563   8758.079432  x:  0.03263   0.00194   0.08468   0.23501   0.09608   0.03314   0.00148   0.00033   0.00000   0.04029   0.02038   0.05018   0.02498   0.00071   0.00003   0.00491   0.01649   0.98963   0.81474   0.91135  
  7 38440.7266   8751.691565  x:  0.03193   0.00129   0.08469   0.23499   0.09620   0.03247   0.00151   0.00035   0.00000   0.03959   0.02040   0.04953   0.02434   0.00000   0.00003   0.00491   0.01584   0.98973   0.81443   0.91135  
  8 67773.2683   8645.754112  x:  0.01197   0.00499   0.08499   0.23452   0.09865   0.01483   0.00172   0.00044   0.00000   0.01938   0.02077   0.03082   0.00633   0.00000   0.00004   0.00494   0.00000   0.99275   0.80537   0.91134  
  9 14562.3724   8610.798023  x:  0.00497   0.00557   0.08509   0.23437   0.09955   0.00860   0.00176   0.00045   0.00000   0.01230   0.02091   0.02426   0.00000   0.00000   0.00004   0.00495   0.00001   0.99381   0.80220   0.91133  
 10 22135.6655   8588.268130  x:  0.00000   0.00591   0.08517   0.23427   0.10019   0.00418   0.00179   0.00045   0.00000   0.00726   0.02095   0.01961   0.00003   0.00000   0.00004   0.00496   0.00001   0.99456   0.79994   0.91133  
 11 13735.1921   8570.502218  x:  0.00000   0.00590   0.08510   0.23421   0.10076   0.00465   0.00181   0.00045   0.00000   0.00000   0.02100   0.01320   0.00004   0.00000   0.00004   0.00496   0.00001   0.99563   0.79666   0.91134  
 12 5500.9197   8541.275258  x:  0.00000   0.00491   0.08245   0.23784   0.08376   0.00325   0.00167   0.00040   0.00000   0.00000   0.02130   0.00043   0.00004   0.00000   0.00004   0.00503   0.00000   1.00513   0.75927   0.91176  
 13 1060.7496   8530.566873  x:  0.00000   0.00492   0.08239   0.23756   0.08571   0.00335   0.00169   0.00040   0.00000   0.00000   0.02129   0.00000   0.00004   0.00000   0.00004   0.00503   0.00000   1.01174   0.73668   0.91188  
 14 1851.6285   8530.566873  x:  0.00000   0.00492   0.08239   0.23756   0.08571   0.00335   0.00169   0.00040   0.00000   0.00000   0.02129   0.00000   0.00004   0.00000   0.00004   0.00503   0.00000   1.01174   0.73668   0.91188  
 15 4351.6258   8506.916017  x:  0.00000   0.00491   0.08239   0.23757   0.08571   0.00335   0.00169   0.00048   0.00000   0.00000   0.02129   0.00129   0.00018   0.00000   0.00017   0.00503   0.00378   1.01174   0.73668   0.91188  
 16 712189.9897   8495.763609  x:  0.00000   0.00458   0.08251   0.23794   0.08589   0.00316   0.00147   0.00465   0.00000   0.00000   0.02094   0.00117   0.00186   0.00000   0.00187   0.00465   0.00370   1.01180   0.73646   0.91188  
 17 13078.7785   8485.442506  x:  0.00000   0.00245   0.08329   0.24038   0.08711   0.00200   0.00012   0.00572   0.00000   0.00000   0.01866   0.00080   0.00078   0.00000   0.00062   0.00216   0.00390   1.01223   0.73502   0.91188  
 18 2408.8445   8482.151001  x:  0.00000   0.00148   0.08365   0.24153   0.08768   0.00151   0.00040   0.00613   0.00000   0.00000   0.01759   0.00067   0.00035   0.00000   0.00015   0.00101   0.00396   1.01243   0.73433   0.91188  
 19 18407.8895   8480.485007  x:  0.00000   0.00092   0.08389   0.24228   0.08804   0.00128   0.00046   0.00609   0.00000   0.00000   0.01690   0.00064   0.00018   0.00000   0.00039   0.00035   0.00397   1.01256   0.73389   0.91188  
 20 12630.4656   8479.697841  x:  0.00000   0.00066   0.08403   0.24272   0.08826   0.00121   0.00046   0.00600   0.00000   0.00000   0.01649   0.00065   0.00037   0.00000   0.00039   0.00015   0.00397   1.01264   0.73363   0.91188  
 21 9257.8627   8477.886668  x:  0.00000   0.00014   0.08434   0.24372   0.08875   0.00108   0.00048   0.00595   0.00000   0.00000   0.01556   0.00066   0.00046   0.00000   0.00042   0.00029   0.00396   1.01282   0.73303   0.91188  
 22 11138.9719   8449.152506  x:  0.00000   0.00043   0.08901   0.25857   0.09602   0.00078   0.00059   0.00582   0.00000   0.00000   0.00183   0.00092   0.00062   0.00000   0.00052   0.00044   0.00386   1.01544   0.72413   0.91188  
 23 13786.1191   8445.191370  x:  0.00000   0.00000   0.09030   0.26291   0.09805   0.00264   0.00055   0.00593   0.00000   0.00000   0.00106   0.00073   0.00046   0.00000   0.00045   0.00029   0.00393   1.01624   0.72141   0.91188  
 24 4340.5774   8445.191370  x:  0.00000   0.00000   0.09030   0.26291   0.09805   0.00264   0.00055   0.00593   0.00000   0.00000   0.00106   0.00073   0.00046   0.00000   0.00045   0.00029   0.00393   1.01624   0.72141   0.91188  
 25 10792.9718   8440.701555  x:  0.00000   0.00242   0.09038   0.26321   0.09816   0.00275   0.00078   0.00585   0.00000   0.00000   0.00240   0.00081   0.00085   0.00000   0.00083   0.00114   0.00376   1.01630   0.72119   0.91188  
 26 7927.9718   8435.841564  x:  0.00000   0.00128   0.09105   0.26615   0.09925   0.00172   0.00111   0.00514   0.00000   0.00000   0.00625   0.00111   0.00112   0.00000   0.00095   0.00028   0.00219   1.01694   0.71898   0.91188  
 27 1700.5788   8434.315315  x:  0.00000   0.00053   0.09141   0.26775   0.09983   0.00145   0.00105   0.00483   0.00000   0.00000   0.00749   0.00108   0.00105   0.00000   0.00087   0.00118   0.00165   1.01728   0.71777   0.91188  
 28 5053.5040   8429.036377  x:  0.00000   0.00031   0.09256   0.27287   0.10169   0.00251   0.00021   0.00425   0.00000   0.00000   0.00849   0.00045   0.00028   0.00000   0.00038   0.00117   0.00198   1.01841   0.71383   0.91189  
 29 2886.3562   8422.858100  x:  0.00000   0.00000   0.09378   0.27833   0.10367   0.00356   0.00064   0.00376   0.00000   0.00000   0.00893   0.00020   0.00035   0.00000   0.00035   0.00123   0.00245   1.01961   0.70962   0.91189  
 30 18652.9313   8422.858100  x:  0.00000   0.00000   0.09378   0.27833   0.10367   0.00356   0.00064   0.00376   0.00000   0.00000   0.00893   0.00020   0.00035   0.00000   0.00035   0.00123   0.00245   1.01961   0.70962   0.91189  
 31 74718.6065   8420.323989  x:  0.00000   0.00109   0.09382   0.27851   0.10372   0.00354   0.00072   0.00386   0.00000   0.00000   0.00877   0.00118   0.00079   0.00000   0.00078   0.00112   0.00245   1.01965   0.70947   0.91189  
 32 6274.7818   8417.182146  x:  0.00000   0.00114   0.09417   0.28038   0.10431   0.00248   0.00116   0.00478   0.00000   0.00000   0.00718   0.00082   0.00129   0.00000   0.00115   0.00023   0.00247   1.02011   0.70784   0.91189  
 33 1387.2230   8413.414415  x:  0.00000   0.00127   0.09478   0.28359   0.10533   0.00082   0.00159   0.00620   0.00000   0.00000   0.00450   0.00041   0.00185   0.00000   0.00153   0.00082   0.00249   1.02090   0.70503   0.91189  
 34 9539.2495   8408.932192  x:  0.00000   0.00094   0.09556   0.28781   0.10664   0.00119   0.00132   0.00738   0.00000   0.00000   0.00163   0.00105   0.00151   0.00000   0.00104   0.00081   0.00250   1.02194   0.70130   0.91189  
 35 5070.1408   8397.170368  x:  0.00000   0.00226   0.09766   0.29925   0.11017   0.00185   0.00038   0.00948   0.00000   0.00000   0.00150   0.00009   0.00069   0.00000   0.00061   0.00076   0.00249   1.02480   0.69108   0.91190  
 36 4475.9122   8388.932286  x:  0.00000   0.00241   0.09922   0.30781   0.11281   0.00176   0.00012   0.01103   0.00000   0.00000   0.00195   0.00028   0.00007   0.00000   0.00030   0.00073   0.00248   1.02694   0.68341   0.91190  
 37 61240.1470   8382.730350  x:  0.00000   0.00238   0.10034   0.31394   0.11470   0.00199   0.00018   0.01203   0.00000   0.00000   0.00229   0.00034   0.00018   0.00000   0.00003   0.00080   0.00247   1.02848   0.67791   0.91190  
 38 148096.4848   8295.270372  x:  0.00000   0.00000   0.12210   0.43341   0.15144   0.00827   0.00113   0.03106   0.00000   0.00000   0.00853   0.00134   0.00131   0.00000   0.00084   0.00249   0.00228   1.05842   0.57066   0.91196  
 39 634057.9598   8295.270372  x:  0.00000   0.00000   0.12210   0.43341   0.15144   0.00827   0.00113   0.03106   0.00000   0.00000   0.00853   0.00134   0.00131   0.00000   0.00084   0.00249   0.00228   1.05842   0.57066   0.91196  
 40 5663.1931   8289.219499  x:  0.00000   0.00064   0.12169   0.43363   0.15100   0.00656   0.00027   0.02868   0.00000   0.00000   0.00719   0.00036   0.00040   0.00000   0.00079   0.00058   0.00252   1.05878   0.56896   0.91196  
 41 1925.5170   8287.551988  x:  0.00000   0.00077   0.12154   0.43371   0.15083   0.00591   0.00048   0.02778   0.00000   0.00000   0.00671   0.00044   0.00045   0.00000   0.00079   0.00015   0.00258   1.05892   0.56832   0.91196  
 42 6591.7001   8274.776826  x:  0.00000   0.00185   0.12028   0.43439   0.14948   0.00074   0.00090   0.02052   0.00000   0.00000   0.00286   0.00050   0.00043   0.00000   0.00076   0.00036   0.00306   1.06002   0.56312   0.91196  
 43 14680.2960   8269.544569  x:  0.00000   0.00229   0.11945   0.43483   0.14860   0.00086   0.00013   0.01582   0.00000   0.00000   0.00188   0.00087   0.00136   0.00000   0.00085   0.00026   0.00301   1.06076   0.55965   0.91196  
 44 4215.4358   8260.187899  x:  0.00000   0.00325   0.11772   0.43577   0.14675   0.00184   0.00056   0.00600   0.00000   0.00000   0.00074   0.00028   0.00183   0.00000   0.00095   0.00035   0.00287   1.06231   0.55236   0.91197  
 45 22488.9260   8256.976614  x:  0.00000   0.00352   0.11711   0.43610   0.14610   0.00179   0.00055   0.00264   0.00000   0.00000   0.00116   0.00042   0.00175   0.00000   0.00094   0.00036   0.00284   1.06286   0.54977   0.91197  
 46 24002.0168   8244.242553  x:  0.00000   0.00000   0.11241   0.43876   0.14105   0.00182   0.00035   0.00173   0.00000   0.00000   0.00063   0.00057   0.00093   0.00000   0.00011   0.00026   0.00169   1.06730   0.52863   0.91198  
 47 1375.9489   8244.242553  x:  0.00000   0.00000   0.11241   0.43876   0.14105   0.00182   0.00035   0.00173   0.00000   0.00000   0.00063   0.00057   0.00093   0.00000   0.00011   0.00026   0.00169   1.06730   0.52863   0.91198  
 48 45422.9898   8235.677711  x:  0.00000   0.00154   0.11238   0.43879   0.14101   0.00212   0.00084   0.00241   0.00000   0.00000   0.00269   0.00075   0.00091   0.00000   0.00249   0.00105   0.00186   1.06734   0.52840   0.91198  
 49 12271.2029   8231.484432  x:  0.00000   0.00110   0.11210   0.43902   0.14070   0.00220   0.00087   0.00592   0.00000   0.00000   0.00498   0.00124   0.00077   0.00000   0.00086   0.00053   0.00295   1.06775   0.52634   0.91198  
 50 1957.1119   8230.465315  x:  0.00000   0.00091   0.11187   0.43921   0.14043   0.00227   0.00076   0.00641   0.00000   0.00000   0.00526   0.00075   0.00099   0.00000   0.00041   0.00157   0.00287   1.06810   0.52457   0.91198  
 51 1372.4960   8227.480622  x:  0.00000   0.00000   0.11113   0.43984   0.13958   0.00237   0.00056   0.00726   0.00000   0.00000   0.00500   0.00023   0.00107   0.00000   0.00104   0.00180   0.00251   1.06921   0.51892   0.91198  
 52 2604.7859   8227.480622  x:  0.00000   0.00000   0.11113   0.43984   0.13958   0.00237   0.00056   0.00726   0.00000   0.00000   0.00500   0.00023   0.00107   0.00000   0.00104   0.00180   0.00251   1.06921   0.51892   0.91198  
 53 19518.7520   8225.597276  x:  0.00000   0.00109   0.11111   0.43987   0.13955   0.00251   0.00073   0.00714   0.00000   0.00000   0.00495   0.00117   0.00101   0.00000   0.00097   0.00160   0.00250   1.06925   0.51868   0.91198  
 54 4929.6795   8223.980805  x:  0.00000   0.00128   0.11093   0.44003   0.13935   0.00237   0.00106   0.00642   0.00000   0.00000   0.00466   0.00092   0.00070   0.00000   0.00061   0.00045   0.00248   1.06954   0.51719   0.91198  
 55 1191.4945   8217.903796  x:  0.00000   0.00191   0.10984   0.44105   0.13806   0.00161   0.00114   0.00232   0.00000   0.00000   0.00311   0.00034   0.00083   0.00000   0.00121   0.00065   0.00236   1.07137   0.50773   0.91199  
 56 2292.1866   8214.115721  x:  0.00000   0.00099   0.10887   0.44197   0.13692   0.00126   0.00082   0.00106   0.00000   0.00000   0.00252   0.00142   0.00083   0.00000   0.00087   0.00057   0.00235   1.07300   0.49928   0.91199  
 57 6332.8510   8188.458008  x:  0.00000   0.00093   0.10458   0.44605   0.13185   0.00104   0.00066   0.00142   0.00000   0.00000   0.00030   0.00153   0.00083   0.00000   0.00055   0.00068   0.00226   1.08029   0.46142   0.91201  
 58 16351.2524   8080.919507  x:  0.00000   0.00123   0.08963   0.46025   0.11421   0.00036   0.00043   0.00115   0.00000   0.00000   0.00004   0.00131   0.00081   0.00000   0.00000   0.00084   0.00193   1.10569   0.32961   0.91207  
 59 256685.3206   8074.734995  x:  0.00000   0.00125   0.08835   0.46147   0.11270   0.00030   0.00042   0.00113   0.00000   0.00000   0.00001   0.00130   0.00081   0.00000   0.00001   0.00083   0.00191   1.10786   0.31833   0.91207  
 60 30365570.3018   8072.262564  x:  0.00000   0.00129   0.08785   0.46193   0.11211   0.00007   0.00034   0.00116   0.00000   0.00000   0.00001   0.00130   0.00078   0.00000   0.00001   0.00082   0.00186   1.10868   0.31410   0.91208  
 61 295659.2722   8071.207019  x:  0.00000   0.00134   0.08757   0.46214   0.11179   0.00008   0.00011   0.00116   0.00000   0.00000   0.00001   0.00127   0.00069   0.00000   0.00001   0.00079   0.00174   1.10906   0.31227   0.91208  
 62 36936.7421   8068.632671  x:  0.00000   0.00131   0.08646   0.46275   0.11059   0.00008   0.00014   0.00115   0.00000   0.00000   0.00001   0.00128   0.00018   0.00000   0.00001   0.00094   0.00084   1.11006   0.30781   0.91208  
 63 15701.7432   8067.756577  x:  0.00000   0.00131   0.08583   0.46303   0.10992   0.00008   0.00014   0.00116   0.00000   0.00000   0.00001   0.00129   0.00035   0.00000   0.00001   0.00090   0.00045   1.11052   0.30599   0.91208  
 64 15435.7093   8014.716911  x:  0.00000   0.00130   0.04207   0.47995   0.06412   0.00008   0.00014   0.00117   0.00000   0.00000   0.00001   0.00129   0.00042   0.00000   0.00001   0.00088   0.00068   1.13673   0.21315   0.91210  
 65 13622.9435   8002.000780  x:  0.00000   0.00127   0.05442   0.51120   0.04762   0.00007   0.00014   0.00117   0.00000   0.00000   0.00001   0.00129   0.00042   0.00000   0.00000   0.00088   0.00068   1.17143   0.20011   0.91203  
 66 394.6035   8002.000780  x:  0.00000   0.00127   0.05442   0.51120   0.04762   0.00007   0.00014   0.00117   0.00000   0.00000   0.00001   0.00129   0.00042   0.00000   0.00000   0.00088   0.00068   1.17143   0.20011   0.91203  
 67 1337.9449   7968.255310  x:  0.00000   0.00127   0.05443   0.51120   0.04763   0.00023   0.00018   0.00120   0.00000   0.00000   0.00488   0.00128   0.00043   0.00000   0.00160   0.00088   0.00071   1.17143   0.20010   0.91203  
 68 752284.6352   7957.682481  x:  0.00000   0.00151   0.05513   0.51122   0.04857   0.00455   0.00268   0.00340   0.00000   0.00000   0.00488   0.00106   0.00111   0.00000   0.00130   0.00085   0.00247   1.17149   0.19936   0.91203  
 69 10323.0077   7940.072527  x:  0.00000   0.00013   0.05921   0.51132   0.05401   0.00443   0.00098   0.00609   0.00000   0.00000   0.00529   0.00026   0.00057   0.00000   0.00008   0.00079   0.00321   1.17184   0.19492   0.91203  
 70 2781.7586   7938.144204  x:  0.00000   0.00000   0.05961   0.51133   0.05453   0.00442   0.00082   0.00634   0.00000   0.00000   0.00527   0.00023   0.00053   0.00000   0.00014   0.00078   0.00328   1.17188   0.19449   0.91203  
 71 49705.4342   7938.144204  x:  0.00000   0.00000   0.05961   0.51133   0.05453   0.00442   0.00082   0.00634   0.00000   0.00000   0.00527   0.00023   0.00053   0.00000   0.00014   0.00078   0.00328   1.17188   0.19449   0.91203  
 72 38373.8947   7935.578964  x:  0.00000   0.00015   0.05991   0.51134   0.05493   0.00433   0.00083   0.00626   0.00000   0.00000   0.00520   0.00119   0.00075   0.00000   0.00190   0.00081   0.00319   1.17191   0.19410   0.91203  
 73 7004.0164   7899.286399  x:  0.00000   0.00405   0.07099   0.51169   0.06946   0.00073   0.00090   0.00361   0.00000   0.00000   0.00294   0.00137   0.00337   0.00000   0.00141   0.00135   0.00029   1.17306   0.17945   0.91204  
 74 2409.7055   7891.475455  x:  0.00000   0.00489   0.07375   0.51178   0.07307   0.00008   0.00091   0.00304   0.00000   0.00000   0.00248   0.00141   0.00388   0.00000   0.00132   0.00141   0.00092   1.17336   0.17574   0.91204  
 75 41229.9968   7865.754667  x:  0.00000   0.00847   0.08588   0.51219   0.08899   0.00144   0.00092   0.00074   0.00000   0.00000   0.00064   0.00151   0.00597   0.00000   0.00093   0.00161   0.00281   1.17465   0.15926   0.91204  
 76 79536.2987   7777.744628  x:  0.00000   0.02029   0.13259   0.51381   0.15028   0.00446   0.00076   0.00719   0.00000   0.00000   0.00807   0.00133   0.01212   0.00000   0.00000   0.00126   0.00767   1.17975   0.09396   0.91206  
 77 46287.9519   7757.838087  x:  0.00000   0.02536   0.15285   0.51452   0.17686   0.00575   0.00069   0.00993   0.00000   0.00000   0.01123   0.00000   0.01459   0.00000   0.00029   0.00109   0.00973   1.18196   0.06562   0.91207  
 78 1950749.6740   7735.289261  x:  0.00000   0.02503   0.16537   0.51516   0.19341   0.00597   0.00091   0.01068   0.00000   0.00000   0.01212   0.00084   0.00773   0.00000   0.00040   0.00007   0.00994   1.18348   0.04553   0.91207  
 79 17887.4337   7729.453799  x:  0.00000   0.02470   0.17140   0.51549   0.20139   0.00610   0.00100   0.01110   0.00000   0.00000   0.01259   0.00126   0.00427   0.00000   0.00045   0.00153   0.01009   1.18423   0.03568   0.91207  
 80 104051.4622   7728.279695  x:  0.00000   0.02291   0.17166   0.51598   0.20191   0.00608   0.00028   0.01121   0.00000   0.00000   0.01232   0.00124   0.00492   0.00000   0.00044   0.00150   0.01000   1.18443   0.03477   0.91208  
 81 846.8399   7719.138571  x:  0.00000   0.00459   0.17403   0.52100   0.20679   0.00584   0.00074   0.01239   0.00000   0.00000   0.00959   0.00100   0.01194   0.00000   0.00040   0.00120   0.00925   1.18653   0.02633   0.91209  
 82 6565.4890   7717.297130  x:  0.00000   0.00085   0.17565   0.52242   0.20936   0.00583   0.00073   0.01250   0.00000   0.00000   0.00941   0.00103   0.01267   0.00000   0.00040   0.00124   0.00913   1.18717   0.02726   0.91209  
 83 1267.4421   7714.246495  x:  0.00000   0.00122   0.17284   0.54824   0.21476   0.00592   0.00072   0.01776   0.00000   0.00000   0.00416   0.00107   0.01209   0.00000   0.00041   0.00128   0.00926   1.19662   0.02761   0.91215  
 84 204.8926   7699.277686  x:  0.00000   0.00153   0.14709   0.74003   0.24882   0.00613   0.00068   0.01132   0.00000   0.00000   0.01211   0.00117   0.01063   0.00000   0.00045   0.00133   0.00956   1.26740   0.02410   0.91260  
 85 1845.0821   7682.361457  x:  0.00000   0.00149   0.20232   0.71803   0.17790   0.00563   0.00075   0.00966   0.00000   0.00000   0.01164   0.00098   0.01235   0.00000   0.00039   0.00122   0.00885   2.04161   0.02819   0.91864  
 86 53.7947   7679.548068  x:  0.00000   0.00149   0.14854   0.69566   0.21542   0.00561   0.00077   0.00959   0.00000   0.00000   0.01144   0.00094   0.01272   0.00000   0.00038   0.00120   0.00878   2.15228   0.02929   0.92010  
 87 107.2298   7662.518615  x:  0.00000   0.00121   0.14441   0.70756   0.20815   0.00477   0.00068   0.00780   0.00000   0.00000   0.01052   0.00093   0.00062   0.00000   0.00036   0.00111   0.00733   2.16374   0.02942   1.08068  
 88  0.5809   7648.189918  x:  0.00000   0.00000   0.11871   0.74501   0.15498   0.00319   0.00077   0.00369   0.00000   0.00000   0.00788   0.00072   0.00243   0.00000   0.00027   0.00094   0.00495   2.17718   0.03194   1.40978  
 89  0.5989   7646.442857  x:  0.00000   0.00099   0.11343   0.75294   0.14209   0.00285   0.00081   0.00299   0.00000   0.00000   0.00714   0.00069   0.00240   0.00000   0.00025   0.00091   0.00445   2.17132   0.03282   1.49350  
 90  1.5313   7643.931833  x:  0.00000   0.00098   0.11433   0.76386   0.13303   0.00260   0.00082   0.00494   0.00000   0.00000   0.00428   0.00070   0.00084   0.00000   0.00024   0.00091   0.00403   2.13558   0.03340   1.58452  
 91  0.3482   7643.399637  x:  0.00000   0.00106   0.12234   0.77573   0.13780   0.00273   0.00083   0.00545   0.00000   0.00000   0.00457   0.00078   0.00101   0.00000   0.00027   0.00098   0.00420   2.05230   0.03346   1.54547  
 92  0.1188   7643.308023  x:  0.00000   0.00105   0.12204   0.77848   0.13872   0.00268   0.00084   0.00529   0.00000   0.00000   0.00463   0.00079   0.00070   0.00000   0.00027   0.00098   0.00410   2.03370   0.03330   1.53326  
 93  0.0914   7643.065740  x:  0.00000   0.00107   0.11714   0.78602   0.14197   0.00244   0.00084   0.00524   0.00000   0.00000   0.00406   0.00080   0.00085   0.00000   0.00028   0.00094   0.00366   1.97017   0.03222   1.47959  
 94  0.0961   7642.861768  x:  0.00000   0.00109   0.12205   0.78341   0.13856   0.00210   0.00085   0.00453   0.00000   0.00000   0.00418   0.00083   0.00086   0.00000   0.00029   0.00091   0.00299   1.97585   0.03212   1.42006  
 95  0.0269   7642.732652  x:  0.00000   0.00116   0.11873   0.77732   0.14520   0.00199   0.00085   0.00465   0.00000   0.00000   0.00420   0.00088   0.00088   0.00000   0.00031   0.00093   0.00269   2.01216   0.03270   1.40772  
 96  0.0328   7642.687463  x:  0.00000   0.00121   0.12160   0.77744   0.14312   0.00200   0.00085   0.00509   0.00000   0.00000   0.00401   0.00091   0.00089   0.00000   0.00033   0.00093   0.00265   2.01965   0.03280   1.44882  
 97  0.0253   7642.598801  x:  0.00000   0.00132   0.12000   0.78268   0.14246   0.00205   0.00083   0.00533   0.00000   0.00000   0.00458   0.00100   0.00087   0.00000   0.00038   0.00090   0.00250   2.01548   0.03254   1.51987  
 98  0.0173   7642.579723  x:  0.00000   0.00130   0.11923   0.77991   0.14106   0.00200   0.00084   0.00531   0.00000   0.00000   0.00444   0.00101   0.00086   0.00000   0.00040   0.00087   0.00237   2.01296   0.03253   1.47088  
 99  0.0215   7642.542391  x:  0.00000   0.00121   0.11898   0.77305   0.14078   0.00216   0.00087   0.00539   0.00000   0.00000   0.00446   0.00100   0.00087   0.00000   0.00043   0.00081   0.00259   2.00562   0.03274   1.34502  
100  0.0380   7642.497063  x:  0.00000   0.00113   0.12029   0.77383   0.14252   0.00217   0.00088   0.00529   0.00000   0.00000   0.00451   0.00106   0.00087   0.00000   0.00049   0.00075   0.00243   1.99074   0.03289   1.30471  
101  0.0160   7642.439769  x:  0.00000   0.00104   0.11958   0.78124   0.14208   0.00230   0.00083   0.00517   0.00000   0.00000   0.00440   0.00108   0.00086   0.00000   0.00057   0.00069   0.00249   2.01846   0.03254   1.51615  
102  0.0604   7642.411546  x:  0.00000   0.00105   0.12031   0.78067   0.14183   0.00235   0.00084   0.00504   0.00000   0.00000   0.00413   0.00110   0.00090   0.00000   0.00061   0.00077   0.00256   2.01521   0.03283   1.49127  
103  0.0066   7642.384426  x:  0.00000   0.00116   0.12001   0.77847   0.14232   0.00241   0.00085   0.00500   0.00000   0.00000   0.00423   0.00112   0.00088   0.00000   0.00067   0.00083   0.00253   2.01237   0.03247   1.43644  
104  0.0232   7642.376534  x:  0.00000   0.00119   0.11940   0.77941   0.14164   0.00243   0.00085   0.00500   0.00000   0.00000   0.00427   0.00113   0.00086   0.00000   0.00070   0.00084   0.00250   2.01143   0.03269   1.43530  
105  0.0009   7642.335988  x:  0.00000   0.00120   0.12029   0.77835   0.14169   0.00244   0.00084   0.00503   0.00000   0.00000   0.00419   0.00097   0.00086   0.00000   0.00080   0.00080   0.00246   2.01540   0.03267   1.40769  
106  0.0035   7642.321257  x:  0.00000   0.00121   0.11998   0.77949   0.14213   0.00240   0.00084   0.00506   0.00000   0.00000   0.00426   0.00084   0.00087   0.00000   0.00082   0.00079   0.00249   2.01299   0.03264   1.43054  
107  0.0186   7642.316755  x:  0.00000   0.00121   0.11962   0.77945   0.14208   0.00235   0.00084   0.00506   0.00000   0.00000   0.00431   0.00084   0.00087   0.00000   0.00078   0.00084   0.00249   2.01045   0.03264   1.46268  
108  0.0151   7642.313959  x:  0.00000   0.00116   0.11997   0.77833   0.14186   0.00232   0.00085   0.00508   0.00000   0.00000   0.00427   0.00083   0.00087   0.00000   0.00080   0.00086   0.00249   2.01200   0.03265   1.47380  
109  0.0032   7642.312665  x:  0.00000   0.00114   0.11980   0.77904   0.14202   0.00233   0.00085   0.00510   0.00000   0.00000   0.00431   0.00085   0.00087   0.00000   0.00082   0.00086   0.00249   2.01118   0.03263   1.47296  
110  0.0007   7642.311481  x:  0.00000   0.00115   0.11961   0.77975   0.14199   0.00231   0.00084   0.00510   0.00000   0.00000   0.00433   0.00083   0.00088   0.00000   0.00084   0.00087   0.00250   2.01124   0.03260   1.44114  
111  0.0064   7642.309266  x:  0.00000   0.00116   0.11987   0.77973   0.14191   0.00224   0.00084   0.00510   0.00000   0.00000   0.00430   0.00086   0.00087   0.00000   0.00083   0.00086   0.00253   2.01415   0.03261   1.40783  
112  0.0097   7642.308049  x:  0.00000   0.00118   0.11978   0.77942   0.14209   0.00221   0.00084   0.00510   0.00000   0.00000   0.00431   0.00086   0.00086   0.00000   0.00084   0.00085   0.00255   2.01194   0.03263   1.45804  
113  0.0180   7642.307962  x:  0.00000   0.00118   0.11977   0.77916   0.14201   0.00221   0.00084   0.00510   0.00000   0.00000   0.00431   0.00086   0.00087   0.00000   0.00085   0.00085   0.00255   2.01166   0.03263   1.45744  