

TREE # 1

  0  0.0000   9539.401214  x:  0.01763   0.03531   0.06306   0.09739   0.07686   0.08010   0.02068   0.03565   0.10490   0.01048   0.08338   0.02864   0.05445   0.07424   0.04138   0.04996   0.03203   2.00000   1.00000  
  1 99.0000   9260.062172  x:  0.00715   0.02539   0.06965   0.13111   0.08332   0.07012   0.01063   0.02664   0.09457   0.00000   0.07404   0.01897   0.04480   0.06386   0.03114   0.03970   0.02238   2.00027   0.99613  
  2 5944.7167   9164.647328  x:  0.00000   0.01876   0.07049   0.13006   0.08466   0.06334   0.00460   0.02158   0.08752   0.00000   0.06781   0.01270   0.03829   0.05677   0.02430   0.03280   0.01655   2.00046   0.99349  
  3 7867.1492   8982.986397  x:  0.00000   0.00214   0.06851   0.13036   0.08228   0.04402   0.01417   0.01950   0.06661   0.00000   0.05089   0.00000   0.01995   0.03573   0.00616   0.01358   0.01050   2.00089   0.98574  
  4 12757.8578   8960.787088  x:  0.00000   0.00000   0.06831   0.13038   0.08204   0.04146   0.01514   0.01911   0.06384   0.00000   0.04865   0.00027   0.01753   0.03294   0.00377   0.01103   0.00963   2.00095   0.98471  
  5 46186.4754   8877.689919  x:  0.00000   0.00000   0.07017   0.13008   0.08285   0.02977   0.01500   0.01929   0.04798   0.00000   0.03734   0.00030   0.00537   0.01699   0.00429   0.00000   0.01222   2.00124   0.97882  
  6 7490.0870   8849.495465  x:  0.00000   0.00000   0.07088   0.12996   0.08314   0.02455   0.01504   0.01920   0.04107   0.00000   0.03234   0.00032   0.00000   0.01004   0.00391   0.00003   0.01297   2.00137   0.97625  
  7 21990.0305   8807.172580  x:  0.00000   0.00000   0.07180   0.12980   0.08351   0.01688   0.01517   0.01890   0.03109   0.00000   0.02505   0.00026   0.00001   0.00000   0.00279   0.00005   0.01367   2.00155   0.97254  
  8 14983.5733   8750.497430  x:  0.00000   0.00000   0.06575   0.13090   0.08061   0.01209   0.01714   0.01719   0.00000   0.00000   0.01321   0.00035   0.00001   0.00000   0.00840   0.00004   0.00433   2.00207   0.96090  
  9 4342.4444   8743.773956  x:  0.00000   0.00000   0.06312   0.13137   0.07965   0.01389   0.01691   0.01522   0.00000   0.00000   0.01055   0.00030   0.00000   0.00000   0.00634   0.00004   0.00481   2.00244   0.95235  
 10 1024.3953   8743.773956  x:  0.00000   0.00000   0.06312   0.13137   0.07965   0.01389   0.01691   0.01522   0.00000   0.00000   0.01055   0.00030   0.00000   0.00000   0.00634   0.00004   0.00481   2.00244   0.95235  
 11 8392.1196   8738.186208  x:  0.00000   0.00002   0.06313   0.13139   0.07965   0.01388   0.01690   0.01521   0.00000   0.00000   0.01054   0.00031   0.00156   0.00000   0.00633   0.00019   0.00481   2.00244   0.95235  
 12 229905.2667   8713.824851  x:  0.00000   0.00720   0.06661   0.14371   0.08277   0.00954   0.01151   0.01139   0.00000   0.00000   0.00735   0.00971   0.00012   0.00000   0.00139   0.01909   0.00203   2.00257   0.95019  
 13 5998.8872   8697.490042  x:  0.00000   0.00662   0.06801   0.14876   0.08407   0.00757   0.00914   0.00987   0.00000   0.00000   0.00623   0.00935   0.00012   0.00000   0.00000   0.01901   0.00206   2.00263   0.94923  
 14 4535.4870   8637.888596  x:  0.00000   0.00464   0.07314   0.16725   0.08881   0.00037   0.00043   0.00430   0.00000   0.00000   0.00210   0.00820   0.00012   0.00000   0.00002   0.01902   0.00209   2.00286   0.94569  
 15 74164.0272   8634.097222  x:  0.00000   0.00449   0.07364   0.16908   0.08927   0.00082   0.00007   0.00393   0.00000   0.00000   0.00209   0.00808   0.00012   0.00000   0.00002   0.01902   0.00208   2.00288   0.94532  
 16 8530.0168   8605.729088  x:  0.00000   0.00313   0.07806   0.18517   0.09339   0.00309   0.00066   0.00058   0.00000   0.00000   0.00170   0.00703   0.00012   0.00000   0.00003   0.01905   0.00205   2.00309   0.94206  
 17 51930.6159   8534.266784  x:  0.00000   0.00000   0.08889   0.22486   0.10353   0.00642   0.00147   0.00371   0.00000   0.00000   0.00236   0.00454   0.00011   0.00000   0.00005   0.01931   0.00195   2.00361   0.93389  
 18 35505.2778   8498.580405  x:  0.00000   0.01160   0.09824   0.26094   0.11251   0.00760   0.00184   0.00530   0.00000   0.00000   0.00736   0.00000   0.00046   0.00000   0.00007   0.01466   0.00287   2.00415   0.92534  
 19 15103.9737   8467.088578  x:  0.00000   0.03326   0.11608   0.33004   0.12968   0.00973   0.00251   0.00823   0.00000   0.00000   0.01745   0.00063   0.00148   0.00000   0.00010   0.00117   0.00532   2.00521   0.90880  
 20 133653.8659   8464.495341  x:  0.00000   0.03378   0.11520   0.33162   0.12923   0.00990   0.00255   0.00838   0.00000   0.00000   0.01702   0.00063   0.00154   0.00000   0.00010   0.00040   0.00215   2.00539   0.90610  
 21 981.8823   8400.126558  x:  0.00000   0.03350   0.04620   0.37350   0.08951   0.00937   0.00244   0.00798   0.00000   0.00000   0.02093   0.00065   0.00155   0.00000   0.00010   0.00026   0.00322   2.01587   0.74702  
 22 1007.8458   8324.183772  x:  0.00000   0.02963   0.04044   0.38225   0.07650   0.00570   0.00163   0.00532   0.00000   0.00000   0.03508   0.00065   0.00143   0.00000   0.00010   0.00175   0.00000   2.02710   0.56951  
 23 2784.7093   8324.183772  x:  0.00000   0.02963   0.04044   0.38225   0.07650   0.00570   0.00163   0.00532   0.00000   0.00000   0.03508   0.00065   0.00143   0.00000   0.00010   0.00175   0.00000   2.02710   0.56951  
 24 80469.8594   8307.632451  x:  0.00000   0.02962   0.04044   0.38225   0.07650   0.00570   0.00163   0.00532   0.00000   0.00000   0.03508   0.00065   0.00143   0.00000   0.00013   0.00175   0.00267   2.02710   0.56951  
 25 705544.3385   8304.425346  x:  0.00000   0.02857   0.04177   0.38250   0.07729   0.00493   0.00107   0.00524   0.00000   0.00000   0.03414   0.00098   0.00103   0.00000   0.00598   0.00115   0.00265   2.02713   0.56888  
 26 6855.9556   8290.651286  x:  0.00000   0.02544   0.04554   0.38323   0.07955   0.00278   0.00015   0.00506   0.00000   0.00000   0.03140   0.00077   0.00048   0.00000   0.00583   0.00009   0.00265   2.02720   0.56700  
 27 2905.5473   8283.519962  x:  0.00000   0.02358   0.04778   0.38367   0.08089   0.00152   0.00000   0.00495   0.00000   0.00000   0.02976   0.00068   0.00024   0.00000   0.00580   0.00028   0.00265   2.02724   0.56588  
 28 48759.8325   8278.001535  x:  0.00000   0.02199   0.04970   0.38404   0.08204   0.00044   0.00005   0.00486   0.00000   0.00000   0.02835   0.00059   0.00004   0.00000   0.00577   0.00036   0.00265   2.02728   0.56492  
 29 744984.1547   8276.419755  x:  0.00000   0.02146   0.05032   0.38417   0.08242   0.00010   0.00006   0.00483   0.00000   0.00000   0.02789   0.00057   0.00009   0.00000   0.00576   0.00038   0.00265   2.02729   0.56460  
 30 218592.8308   8205.217291  x:  0.00000   0.00000   0.07588   0.38923   0.09780   0.00103   0.00024   0.00372   0.00000   0.00000   0.00896   0.00030   0.00036   0.00000   0.00551   0.00085   0.00265   2.02779   0.55162  
 31 21697.4649   8193.794407  x:  0.00000   0.00088   0.08463   0.39108   0.10314   0.00121   0.00028   0.00365   0.00000   0.00000   0.00226   0.00179   0.00043   0.00000   0.00532   0.00098   0.00265   2.02797   0.54680  
 32 6136.3531   8188.836578  x:  0.00000   0.00143   0.08798   0.39229   0.10545   0.00137   0.00031   0.00482   0.00000   0.00000   0.00349   0.00026   0.00048   0.00000   0.00539   0.00106   0.00265   2.02810   0.54335  
 33 2000.7394   8178.626814  x:  0.00000   0.00193   0.10647   0.40039   0.11890   0.00161   0.00033   0.01231   0.00000   0.00000   0.01580   0.00451   0.00057   0.00000   0.00493   0.00127   0.00265   2.02897   0.51990  
 34 6744.4133   8151.084671  x:  0.00000   0.00262   0.10990   0.41220   0.12545   0.00179   0.00041   0.00161   0.00000   0.00000   0.02116   0.00471   0.00063   0.00000   0.00484   0.00138   0.00265   2.03037   0.48058  
 35 1657.3262   8004.141405  x:  0.00000   0.00279   0.10485   0.46812   0.14394   0.00183   0.00042   0.00000   0.00000   0.00000   0.02284   0.00491   0.00064   0.00000   0.00481   0.00141   0.00265   2.03720   0.28641  
 36 8891.5763   8004.141405  x:  0.00000   0.00279   0.10485   0.46812   0.14394   0.00183   0.00042   0.00000   0.00000   0.00000   0.02284   0.00491   0.00064   0.00000   0.00481   0.00141   0.00265   2.03720   0.28641  
 37 55769.5826   7970.117478  x:  0.00032   0.00279   0.10485   0.46812   0.14394   0.00183   0.00045   0.00472   0.00000   0.00000   0.02284   0.00491   0.00065   0.00000   0.00481   0.00141   0.00265   2.03720   0.28641  
 38 1006400.5544   7968.285617  x:  0.00000   0.00261   0.10484   0.46814   0.14391   0.00184   0.00074   0.00474   0.00000   0.00000   0.02256   0.00463   0.00077   0.00000   0.00451   0.00126   0.00263   2.03721   0.28610  
 39 2595.4395   7958.544721  x:  0.00000   0.00100   0.10476   0.46838   0.14365   0.00202   0.00041   0.00491   0.00000   0.00000   0.01986   0.00189   0.00105   0.00000   0.00162   0.00012   0.00245   2.03726   0.28301  
 40 8617.0658   7955.272803  x:  0.00000   0.00034   0.10472   0.46848   0.14354   0.00211   0.00034   0.00498   0.00000   0.00000   0.01866   0.00071   0.00115   0.00000   0.00037   0.00029   0.00238   2.03729   0.28164  
 41 30006.6457   7953.266106  x:  0.00000   0.00045   0.10468   0.46859   0.14342   0.00236   0.00041   0.00502   0.00000   0.00000   0.01749   0.00016   0.00092   0.00000   0.00049   0.00028   0.00237   2.03731   0.28028  
 42 3298.4783   7942.091823  x:  0.00000   0.00049   0.10447   0.46918   0.14279   0.00356   0.00068   0.00521   0.00000   0.00000   0.01095   0.00026   0.00007   0.00000   0.00014   0.00023   0.00226   2.03744   0.27266  
 43 13929.8625   7928.520906  x:  0.00000   0.00043   0.10419   0.46998   0.14193   0.00512   0.00068   0.00547   0.00000   0.00000   0.00209   0.00034   0.00026   0.00000   0.00012   0.00025   0.00213   2.03762   0.26231  
 44 123803.2886   7927.886974  x:  0.00000   0.00011   0.10417   0.47005   0.14186   0.00513   0.00069   0.00549   0.00000   0.00000   0.00157   0.00034   0.00019   0.00000   0.00028   0.00027   0.00212   2.03764   0.26139  
 45 8778.1337   7913.007390  x:  0.00000   0.00000   0.10384   0.47113   0.14077   0.00537   0.00070   0.00568   0.00000   0.00000   0.00145   0.00034   0.00018   0.00000   0.00027   0.00026   0.00258   2.03787   0.24759  
 46 3360.9149   7913.007390  x:  0.00000   0.00000   0.10384   0.47113   0.14077   0.00537   0.00070   0.00568   0.00000   0.00000   0.00145   0.00034   0.00018   0.00000   0.00027   0.00026   0.00258   2.03787   0.24759  
 47 629327.6974   7909.532862  x:  0.00000   0.00007   0.10384   0.47116   0.14075   0.00522   0.00078   0.00564   0.00000   0.00000   0.00223   0.00094   0.00163   0.00000   0.00112   0.00115   0.00257   2.03788   0.24721  
 48 6482.5329   7902.319063  x:  0.00000   0.00106   0.10380   0.47171   0.14037   0.00242   0.00135   0.00479   0.00000   0.00000   0.00959   0.00124   0.00054   0.00000   0.00044   0.00038   0.00236   2.03797   0.24034  
 49 1857.1043   7900.682851  x:  0.00000   0.00117   0.10379   0.47186   0.14027   0.00196   0.00107   0.00470   0.00000   0.00000   0.01006   0.00073   0.00017   0.00000   0.00070   0.00086   0.00238   2.03800   0.23844  
 50 2968.4456   7899.143227  x:  0.00000   0.00126   0.10378   0.47201   0.14017   0.00158   0.00079   0.00464   0.00000   0.00000   0.01028   0.00020   0.00029   0.00000   0.00068   0.00093   0.00241   2.03803   0.23666  
 51 10683.8949   7895.206650  x:  0.00000   0.00144   0.10375   0.47237   0.13994   0.00090   0.00012   0.00454   0.00000   0.00000   0.01027   0.00033   0.00032   0.00000   0.00056   0.00096   0.00249   2.03809   0.23215  
 52 10425.9410   7889.841429  x:  0.00000   0.00168   0.10371   0.47288   0.13960   0.00015   0.00024   0.00442   0.00000   0.00000   0.01008   0.00038   0.00035   0.00000   0.00048   0.00103   0.00262   2.03818   0.22578  
 53 39807.6506   7824.000001  x:  0.00000   0.00428   0.10337   0.47775   0.13642   0.00004   0.00020   0.00318   0.00000   0.00000   0.01015   0.00036   0.00035   0.00000   0.00000   0.00145   0.00367   2.03904   0.16514  
 54 76270.9351   7824.000001  x:  0.00000   0.00428   0.10337   0.47775   0.13642   0.00004   0.00020   0.00318   0.00000   0.00000   0.01015   0.00036   0.00035   0.00000   0.00000   0.00145   0.00367   2.03904   0.16514  
 55 11375700.8474   7818.092273  x:  0.00000   0.00428   0.10338   0.47775   0.13642   0.00021   0.00023   0.00318   0.00000   0.00000   0.01015   0.00038   0.00037   0.00000   0.00181   0.00144   0.00366   2.03904   0.16513  
 56 235412.9820   7813.900766  x:  0.00000   0.00405   0.10339   0.47780   0.13642   0.00244   0.00138   0.00344   0.00000   0.00000   0.00991   0.00093   0.00096   0.00000   0.00165   0.00126   0.00352   2.03904   0.16467  
 57 7371.7123   7807.588468  x:  0.00000   0.00204   0.10346   0.47812   0.13639   0.00279   0.00068   0.00494   0.00000   0.00000   0.00821   0.00099   0.00101   0.00000   0.00163   0.00015   0.00259   2.03907   0.16131  
 58 1898.2622   7803.067160  x:  0.00000   0.00000   0.10353   0.47845   0.13636   0.00310   0.00013   0.00637   0.00000   0.00000   0.00646   0.00102   0.00103   0.00000   0.00162   0.00054   0.00170   2.03909   0.15779  
 59 17812.1965   7803.067160  x:  0.00000   0.00000   0.10353   0.47845   0.13636   0.00310   0.00013   0.00637   0.00000   0.00000   0.00646   0.00102   0.00103   0.00000   0.00162   0.00054   0.00170   2.03909   0.15779  
 60 15211.2588   7801.480210  x:  0.00000   0.00024   0.10354   0.47848   0.13635   0.00312   0.00146   0.00632   0.00000   0.00000   0.00638   0.00099   0.00100   0.00000   0.00149   0.00068   0.00182   2.03910   0.15753  
 61 6721.3912   7797.735710  x:  0.00000   0.00171   0.10360   0.47875   0.13633   0.00302   0.00129   0.00577   0.00000   0.00000   0.00559   0.00069   0.00072   0.00000   0.00030   0.00136   0.00286   2.03912   0.15473  
 62 1792.6146   7786.817859  x:  0.00000   0.00616   0.10397   0.48027   0.13623   0.00153   0.00090   0.00307   0.00000   0.00000   0.00164   0.00062   0.00059   0.00000   0.00328   0.00246   0.00643   2.03923   0.13926  
 63 5008.3221   7764.077978  x:  0.00000   0.00890   0.10454   0.48265   0.13609   0.00000   0.00079   0.00232   0.00000   0.00000   0.00333   0.00213   0.00240   0.00000   0.00370   0.00117   0.00846   2.03940   0.11527  
 64 7017.1386   7745.343675  x:  0.00000   0.01122   0.10504   0.48470   0.13597   0.00018   0.00066   0.00169   0.00000   0.00000   0.00469   0.00340   0.00392   0.00000   0.00422   0.00006   0.01019   2.03955   0.09461  
 65 255336.5416   7718.920097  x:  0.00000   0.01529   0.10609   0.48908   0.13573   0.00052   0.00030   0.00116   0.00000   0.00000   0.00804   0.00612   0.00718   0.00000   0.00575   0.00122   0.01321   2.03985   0.05077  
 66 175502.0592   7713.920447  x:  0.00000   0.01581   0.10637   0.49014   0.13571   0.00046   0.00027   0.00330   0.00000   0.00000   0.00760   0.00594   0.00706   0.00000   0.00596   0.00100   0.01358   2.03991   0.04129  
 67 14453.0287   7708.520933  x:  0.00000   0.01309   0.10687   0.49181   0.13587   0.00029   0.00050   0.00199   0.00000   0.00000   0.00607   0.00372   0.00485   0.00000   0.00505   0.00062   0.01136   2.03996   0.03273  
 68 2618.5448   7707.133114  x:  0.00000   0.01562   0.11023   0.50277   0.13709   0.00024   0.00032   0.00194   0.00000   0.00000   0.00863   0.00249   0.00183   0.00000   0.00632   0.00057   0.01034   2.04014   0.03203  
 69 203.9801   7702.637409  x:  0.00000   0.02002   0.12370   0.54960   0.14180   0.00028   0.00010   0.00193   0.00000   0.00000   0.00743   0.00310   0.00555   0.00000   0.00630   0.00064   0.00533   2.04093   0.03029  
 70 970.2870   7699.582625  x:  0.00000   0.01495   0.13399   0.59385   0.14430   0.00036   0.00034   0.00201   0.00000   0.00000   0.00714   0.00669   0.00497   0.00000   0.00567   0.00076   0.01329   2.04183   0.02900  
 71 1325.9976   7698.369243  x:  0.00000   0.01446   0.12750   0.60891   0.13748   0.00037   0.00034   0.00202   0.00000   0.00000   0.00821   0.00241   0.00733   0.00000   0.00620   0.00076   0.01511   2.04265   0.02883  
 72 204.3586   7697.359857  x:  0.00000   0.01506   0.11771   0.62517   0.12831   0.00037   0.00032   0.00201   0.00000   0.00000   0.00764   0.00531   0.00578   0.00000   0.00594   0.00077   0.01391   2.04380   0.02858  
 73 465.0219   7697.204122  x:  0.00000   0.01511   0.11034   0.62767   0.13642   0.00038   0.00031   0.00201   0.00000   0.00000   0.00767   0.00531   0.00578   0.00000   0.00595   0.00077   0.01392   2.04948   0.02850  
 74 16.6371   7685.316585  x:  0.00000   0.01159   0.11454   0.66366   0.13232   0.00029   0.00069   0.00209   0.00000   0.00000   0.00325   0.00307   0.00335   0.00000   0.00360   0.00059   0.00493   2.94614   0.03333  
 75 14.0241   7675.096929  x:  0.00000   0.00938   0.11328   0.66994   0.13452   0.00028   0.00084   0.00220   0.00000   0.00000   0.00139   0.00170   0.00179   0.00000   0.00250   0.00057   0.00107   2.61021   0.03401  
 76  4.4186   7667.969895  x:  0.00000   0.00533   0.11303   0.67887   0.13609   0.00029   0.00086   0.00235   0.00000   0.00000   0.00083   0.00034   0.00045   0.00000   0.00175   0.00057   0.00260   2.40126   0.03504  
 77  3.8860   7665.607351  x:  0.00000   0.00488   0.11309   0.68237   0.13682   0.00031   0.00088   0.00244   0.00000   0.00000   0.00120   0.00043   0.00010   0.00000   0.00168   0.00061   0.00259   2.31741   0.03549  
 78  2.9132   7659.837850  x:  0.00000   0.00351   0.11324   0.69356   0.13906   0.00038   0.00094   0.00272   0.00000   0.00000   0.00218   0.00008   0.00043   0.00000   0.00142   0.00073   0.00273   2.04637   0.03683  
 79 20.0052   7656.944415  x:  0.00000   0.00208   0.11354   0.70249   0.14106   0.00044   0.00098   0.00294   0.00000   0.00000   0.00260   0.00055   0.00066   0.00000   0.00103   0.00084   0.00316   1.82100   0.03784  
 80 29.4472   7655.665829  x:  0.00000   0.00096   0.11575   0.71905   0.14158   0.00049   0.00101   0.00326   0.00000   0.00000   0.00288   0.00060   0.00073   0.00000   0.00072   0.00090   0.00320   1.98373   0.03762  
 81  0.4112   7654.628659  x:  0.00000   0.00214   0.11816   0.73977   0.14231   0.00054   0.00101   0.00379   0.00000   0.00000   0.00335   0.00070   0.00084   0.00000   0.00105   0.00098   0.00311   2.12664   0.03707  
 82  0.5953   7653.266540  x:  0.00000   0.00176   0.12092   0.77787   0.14241   0.00073   0.00106   0.00495   0.00000   0.00000   0.00391   0.00075   0.00093   0.00000   0.00076   0.00117   0.00232   1.99873   0.03382  
 83  0.0845   7653.086935  x:  0.00000   0.00148   0.11841   0.77898   0.14139   0.00083   0.00103   0.00527   0.00000   0.00000   0.00428   0.00081   0.00100   0.00000   0.00100   0.00126   0.00279   2.00334   0.03412  
 84  0.0025   7652.861798  x:  0.00000   0.00140   0.11936   0.76497   0.14276   0.00106   0.00095   0.00566   0.00000   0.00000   0.00480   0.00089   0.00107   0.00000   0.00074   0.00137   0.00251   2.00401   0.03450  
 85  0.0035   7652.740350  x:  0.00000   0.00161   0.11846   0.75450   0.14074   0.00121   0.00085   0.00542   0.00000   0.00000   0.00488   0.00092   0.00104   0.00000   0.00097   0.00133   0.00258   1.98490   0.03475  
 86  0.0058   7652.433344  x:  0.00000   0.00139   0.11993   0.77022   0.14212   0.00159   0.00068   0.00466   0.00000   0.00000   0.00471   0.00093   0.00088   0.00000   0.00083   0.00108   0.00229   1.97805   0.03421  
 87  0.0029   7652.366657  x:  0.00000   0.00120   0.11922   0.77131   0.14199   0.00174   0.00064   0.00475   0.00000   0.00000   0.00480   0.00096   0.00087   0.00000   0.00085   0.00102   0.00262   2.01185   0.03435  
 88  0.0189   7652.269502  x:  0.00000   0.00133   0.11960   0.76801   0.14127   0.00199   0.00069   0.00522   0.00000   0.00000   0.00463   0.00096   0.00080   0.00000   0.00081   0.00082   0.00255   1.99970   0.03442  
 89  0.0023   7652.250710  x:  0.00000   0.00119   0.11943   0.76974   0.14212   0.00200   0.00076   0.00528   0.00000   0.00000   0.00451   0.00094   0.00079   0.00000   0.00086   0.00081   0.00256   1.99902   0.03438  
 90  0.0010   7652.236275  x:  0.00000   0.00122   0.11900   0.76588   0.14177   0.00202   0.00083   0.00515   0.00000   0.00000   0.00445   0.00093   0.00082   0.00000   0.00086   0.00083   0.00249   2.00797   0.03448  
 91  0.0027   7652.222852  x:  0.00000   0.00116   0.11947   0.76775   0.14169   0.00218   0.00088   0.00505   0.00000   0.00000   0.00449   0.00094   0.00086   0.00000   0.00084   0.00084   0.00254   1.99816   0.03441  
 92  0.0032   7652.221791  x:  0.00000   0.00120   0.11939   0.76814   0.14176   0.00219   0.00087   0.00508   0.00000   0.00000   0.00451   0.00094   0.00087   0.00000   0.00085   0.00085   0.00255   2.00124   0.03441  
 93  0.0022   7652.219852  x:  0.00000   0.00118   0.11904   0.76927   0.14202   0.00223   0.00086   0.00510   0.00000   0.00000   0.00447   0.00092   0.00089   0.00000   0.00085   0.00085   0.00254   2.00374   0.03438  
 94  0.0003   7652.218708  x:  0.00000   0.00118   0.11932   0.76817   0.14185   0.00223   0.00084   0.00509   0.00000   0.00000   0.00444   0.00090   0.00090   0.00000   0.00085   0.00086   0.00254   2.00084   0.03441  
 95  0.0017   7652.218582  x:  0.00000   0.00118   0.11944   0.76814   0.14170   0.00222   0.00085   0.00509   0.00000   0.00000   0.00445   0.00090   0.00090   0.00000   0.00085   0.00085   0.00255   2.00174   0.03441  
 96  0.0004   7652.218415  x:  0.00000   0.00118   0.11939   0.76833   0.14176   0.00221   0.00085   0.00509   0.00000   0.00000   0.00446   0.00089   0.00091   0.00000   0.00085   0.00085   0.00255   2.00126   0.03441  
 97  0.0001   7652.218399  x:  0.00000   0.00118   0.11937   0.76819   0.14178   0.00221   0.00085   0.00509   0.00000   0.00000   0.00447   0.00089   0.00091   0.00000   0.00085   0.00085   0.00255   2.00121   0.03441  
 98  0.0001   7652.218390  x:  0.00000   0.00118   0.11936   0.76820   0.14178   0.00222   0.00085   0.00509   0.00000   0.00000   0.00447   0.00089   0.00090   0.00000   0.00085   0.00085   0.00255   2.00134   0.03441  
 99  0.0000   7652.218389  x:  0.00000   0.00118   0.11937   0.76821   0.14178   0.00222   0.00085   0.00509   0.00000   0.00000   0.00447   0.00089   0.00090   0.00000   0.00085   0.00085   0.00255   2.00130   0.03441  
100  0.0001   7652.218387  x:  0.00000   0.00118   0.11937   0.76821   0.14178   0.00221   0.00085   0.00509   0.00000   0.00000   0.00447   0.00089   0.00090   0.00000   0.00085   0.00085   0.00255   2.00126   0.03441  
101  0.0000   7652.218384  x:  0.00000   0.00118   0.11937   0.76821   0.14178   0.00221   0.00085   0.00509   0.00000   0.00000   0.00447   0.00089   0.00090   0.00000   0.00085   0.00085   0.00255   2.00125   0.03441  
102  0.0000   7652.218381  x:  0.00000   0.00118   0.11936   0.76820   0.14178   0.00222   0.00085   0.00509   0.00000   0.00000   0.00447   0.00089   0.00090   0.00000   0.00085   0.00085   0.00255   2.00131   0.03441  
103  0.0000   7652.218381  x:  0.00000   0.00118   0.11937   0.76820   0.14178   0.00222   0.00085   0.00509   0.00000   0.00000   0.00447   0.00089   0.00090   0.00000   0.00085   0.00085   0.00255   2.00131   0.03441  
104  0.0000   7652.218381  x:  0.00000   0.00118   0.11937   0.76820   0.14178   0.00222   0.00085   0.00509   0.00000   0.00000   0.00447   0.00089   0.00090   0.00000   0.00085   0.00085   0.00255   2.00131   0.03441  
105  0.0000   7652.218381  x:  0.00000   0.00118   0.11937   0.76820   0.14178   0.00222   0.00085   0.00509   0.00000   0.00000   0.00447   0.00089   0.00090   0.00000   0.00085   0.00085   0.00255   2.00131   0.03441  
106  0.0001   7652.218381  x:  0.00000   0.00118   0.11937   0.76820   0.14178   0.00222   0.00085   0.00509   0.00000   0.00000   0.00447   0.00089   0.00090   0.00000   0.00085   0.00085   0.00255   2.00131   0.03441  
107  0.0000   7652.218381  x:  0.00000   0.00118   0.11937   0.76820   0.14178   0.00222   0.00085   0.00509   0.00000   0.00000   0.00447   0.00089   0.00090   0.00000   0.00085   0.00085   0.00255   2.00131   0.03441  
check convergence!
