

TREE # 1

  0  0.0000   5652.341447  x:  0.02993   0.07328   0.03566   0.07365   0.05093   0.05403   0.05157   0.06246   0.07239   2.00000   1.23734   0.06540   0.22589   2.89573  
  1 99.0000   5380.006387  x:  0.00000   0.04311   0.00574   0.04664   0.02269   0.02595   0.02424   0.03196   0.04195   1.99994   1.23722   0.06557   0.22149   2.89573  
  2 3122.8272   5336.374943  x:  0.00002   0.03723   0.00000   0.04138   0.01719   0.02048   0.01896   0.02601   0.03601   1.99993   1.23720   0.06560   0.22068   2.89573  
  3 24920.0744   5330.350865  x:  0.00000   0.03628   0.00008   0.04053   0.01630   0.01960   0.01808   0.02506   0.03506   1.99993   1.23720   0.06561   0.22050   2.89573  
  4 17777.8068   5268.347950  x:  0.00001   0.02614   0.00031   0.03104   0.00734   0.01095   0.00140   0.01693   0.02695   1.99980   1.23693   0.06599   0.21052   2.89574  
  5 16708.5776   5227.178309  x:  0.00001   0.01694   0.00031   0.02213   0.00000   0.00394   0.00155   0.01139   0.02140   1.99960   1.23648   0.06660   0.19432   2.89575  
  6 4865.1389   5208.081354  x:  0.00001   0.01211   0.00031   0.01752   0.00001   0.00017   0.00157   0.00823   0.01823   1.99951   1.23628   0.06688   0.18688   2.89576  
  7 19013.5857   5168.655484  x:  0.00001   0.00067   0.00030   0.00681   0.00002   0.00030   0.00157   0.00000   0.00999   1.99932   1.23587   0.06745   0.17191   2.89577  
  8 14809.9995   5159.124707  x:  0.00001   0.00222   0.00032   0.00160   0.00002   0.00032   0.00158   0.00000   0.00093   1.99923   1.23567   0.06773   0.16479   2.89578  
  9 2429.1901   5157.997675  x:  0.00001   0.00221   0.00032   0.00159   0.00002   0.00032   0.00158   0.00000   0.00000   1.99922   1.23566   0.06775   0.16417   2.89578  
 10 5461.7079   5156.482462  x:  0.00001   0.00131   0.00046   0.00099   0.00005   0.00062   0.00196   0.00000   0.00000   1.98474   1.22390   0.08994   0.15650   2.89199  
 11  0.9798   5154.297718  x:  0.00002   0.00047   0.00091   0.00081   0.00004   0.00073   0.00338   0.00000   0.00000   1.94218   1.18182   0.16366   0.19145   2.88051  
 12  4.2162   5152.608622  x:  0.00003   0.00027   0.00137   0.00127   0.00003   0.00047   0.00570   0.00000   0.00000   1.85605   1.16050   0.23492   0.12143   2.86198  
 13  3.1282   5152.608622  x:  0.00003   0.00027   0.00137   0.00127   0.00003   0.00047   0.00570   0.00000   0.00000   1.85605   1.16050   0.23492   0.12143   2.86198  
 14  2.5269   5147.515619  x:  0.00095   0.00035   0.00135   0.00135   0.00101   0.00050   0.00570   0.00000   0.00000   1.85605   1.16050   0.23492   0.12143   2.86198  
 15 45821.6600   5145.141345  x:  0.00092   0.00152   0.00100   0.00314   0.00100   0.00110   0.00569   0.00000   0.00000   1.85605   1.16050   0.23492   0.12143   2.86198  
 16 3188.5934   5144.675364  x:  0.00092   0.00087   0.00063   0.00392   0.00101   0.00083   0.00567   0.00000   0.00000   1.85605   1.16050   0.23492   0.12144   2.86198  
 17 816.0192   5144.636772  x:  0.00092   0.00076   0.00080   0.00406   0.00101   0.00083   0.00567   0.00000   0.00000   1.85605   1.16050   0.23492   0.12145   2.86198  
 18 404.3407   5144.636506  x:  0.00093   0.00076   0.00080   0.00406   0.00100   0.00083   0.00562   0.00000   0.00000   1.85605   1.16049   0.23493   0.12149   2.86198  
 19  8.5538   5144.636383  x:  0.00092   0.00076   0.00080   0.00406   0.00101   0.00084   0.00561   0.00000   0.00000   1.85605   1.16048   0.23494   0.12151   2.86198  
 20 21.2228   5144.635705  x:  0.00091   0.00077   0.00080   0.00406   0.00102   0.00082   0.00560   0.00000   0.00000   1.85603   1.16044   0.23499   0.12173   2.86198  
 21 21.2347   5143.111148  x:  0.00099   0.00074   0.00078   0.00405   0.00095   0.00088   0.00571   0.00000   0.00000   1.80225   0.96902   0.45553   1.00000   2.84737  
 22 270.3440   5143.033245  x:  0.00080   0.00088   0.00084   0.00417   0.00109   0.00081   0.00544   0.00000   0.00000   1.79630   1.22905   0.71936   1.00000   2.49823  
 23  0.1927   5142.875403  x:  0.00093   0.00082   0.00077   0.00462   0.00088   0.00086   0.00566   0.00000   0.00000   1.78433   2.11879   1.60639   1.00000   1.24899  
 24  0.4532   5142.849529  x:  0.00086   0.00084   0.00078   0.00453   0.00092   0.00088   0.00564   0.00000   0.00000   1.77865   2.26487   1.75555   1.00000   1.00000  
 25  0.3048   5142.833562  x:  0.00081   0.00082   0.00080   0.00423   0.00094   0.00087   0.00559   0.00000   0.00000   1.78159   2.37153   1.87066   1.00000   1.00000  
 26  0.1015   5142.830595  x:  0.00085   0.00080   0.00080   0.00418   0.00090   0.00086   0.00562   0.00000   0.00000   1.77667   2.39632   1.89450   1.00000   1.00000  
 27  0.0214   5142.828741  x:  0.00082   0.00078   0.00079   0.00422   0.00088   0.00084   0.00562   0.00000   0.00000   1.78617   2.59114   2.09472   1.00000   1.00000  
 28  0.0728   5142.827121  x:  0.00080   0.00080   0.00080   0.00421   0.00085   0.00086   0.00562   0.00000   0.00000   1.78134   2.81557   2.32173   1.00000   1.00000  
 29  0.1995   5142.827109  x:  0.00080   0.00080   0.00080   0.00421   0.00085   0.00086   0.00562   0.00000   0.00000   1.77874   2.82328   2.32908   1.00000   1.00000  
 30  0.0095   5142.827109  x:  0.00080   0.00080   0.00080   0.00421   0.00085   0.00086   0.00562   0.00000   0.00000   1.77884   2.82312   2.32894   1.00000   1.00000  
 31  0.0021   5142.827109  x:  0.00080   0.00080   0.00080   0.00421   0.00085   0.00086   0.00562   0.00000   0.00000   1.77884   2.82312   2.32894   1.00000   1.00000  
 32  0.0020   5142.827109  x:  0.00080   0.00080   0.00080   0.00421   0.00085   0.00086   0.00562   0.00000   0.00000   1.77884   2.82312   2.32894   1.00000   1.00000  
 33  0.0025   5142.827109  x:  0.00080   0.00080   0.00080   0.00421   0.00085   0.00086   0.00562   0.00000   0.00000   1.77884   2.82312   2.32894   1.00000   1.00000  
 34  0.0191   5142.827109  x:  0.00080   0.00080   0.00080   0.00421   0.00085   0.00086   0.00562   0.00000   0.00000   1.77884   2.82312   2.32894   1.00000   1.00000  
 35  0.0125   5142.827109  x:  0.00080   0.00080   0.00080   0.00421   0.00085   0.00086   0.00562   0.00000   0.00000   1.77884   2.82312   2.32894   1.00000   1.00000  
check convergence!
