   1 M   0.77505 0.00368 0.22017 0.00109 ( 1)
   2 F   0.77665 0.00210 0.22063 0.00062 ( 1)
   3 V   0.77617 0.00257 0.22049 0.00076 ( 1)
   4 F   0.77665 0.00210 0.22063 0.00062 ( 1)
   5 L   0.77613 0.00261 0.22049 0.00077 ( 1)
   6 V   0.77617 0.00257 0.22049 0.00076 ( 1)
   7 L   0.77164 0.00709 0.21917 0.00210 ( 1)
   8 L   0.76744 0.01128 0.21793 0.00334 ( 1)
   9 P   0.77145 0.00728 0.21911 0.00215 ( 1)
  10 L   0.76837 0.01035 0.21821 0.00306 ( 1)
  11 V   0.76885 0.00988 0.21835 0.00292 ( 1)
  12 S   0.77589 0.00285 0.22042 0.00084 ( 1)
  13 S   0.77698 0.00176 0.22073 0.00052 ( 1)
  14 Q   0.76544 0.01329 0.21734 0.00393 ( 1)
  15 C   0.77587 0.00286 0.22041 0.00085 ( 1)
  16 V   0.77617 0.00257 0.22049 0.00076 ( 1)
  17 N   0.77680 0.00195 0.22067 0.00058 ( 1)
  18 L   0.77613 0.00261 0.22049 0.00077 ( 1)
  19 T   0.77319 0.00554 0.21962 0.00164 ( 1)
  20 T   0.76867 0.01006 0.21830 0.00298 ( 1)
  21 R   0.77388 0.00486 0.21983 0.00144 ( 1)
  22 T   0.77635 0.00239 0.22055 0.00071 ( 1)
  23 Q   0.77191 0.00682 0.21925 0.00202 ( 1)
  24 L   0.77165 0.00708 0.21917 0.00210 ( 1)
  25 P   0.76592 0.01281 0.21748 0.00379 ( 1)
  26 P   0.77584 0.00290 0.22040 0.00086 ( 1)
  27 A   0.77314 0.00560 0.21961 0.00166 ( 1)
  28 Y   0.76728 0.01145 0.21789 0.00339 ( 1)
  29 T   0.77635 0.00239 0.22055 0.00071 ( 1)
  30 N   0.77681 0.00194 0.22068 0.00058 ( 1)
  31 S   0.77590 0.00284 0.22042 0.00084 ( 1)
  32 F   0.77080 0.00793 0.21892 0.00235 ( 1)
  33 T   0.77320 0.00553 0.21963 0.00164 ( 1)
  34 R   0.77481 0.00392 0.22010 0.00116 ( 1)
  35 G   0.77643 0.00231 0.22057 0.00068 ( 1)
  36 V   0.77618 0.00256 0.22050 0.00076 ( 1)
  37 Y   0.77590 0.00284 0.22042 0.00084 ( 1)
  38 Y   0.76728 0.01145 0.21789 0.00339 ( 1)
  39 P   0.77584 0.00290 0.22040 0.00086 ( 1)
  40 D   0.77212 0.00661 0.21931 0.00196 ( 1)
  41 K   0.77521 0.00353 0.22022 0.00104 ( 1)
  42 V   0.77618 0.00256 0.22050 0.00076 ( 1)
  43 F   0.77080 0.00793 0.21892 0.00235 ( 1)
  44 R   0.77388 0.00486 0.21983 0.00144 ( 1)
  45 S   0.76693 0.01180 0.21778 0.00349 ( 1)
  46 S   0.76900 0.00973 0.21839 0.00288 ( 1)
  47 V   0.77618 0.00256 0.22050 0.00076 ( 1)
  48 L   0.77165 0.00708 0.21917 0.00210 ( 1)
  49 H   0.77663 0.00211 0.22063 0.00063 ( 1)
  50 S   0.76900 0.00973 0.21839 0.00288 ( 1)
  51 T   0.77635 0.00239 0.22055 0.00071 ( 1)
  52 Q   0.76545 0.01328 0.21735 0.00393 ( 1)
  53 D   0.77212 0.00661 0.21931 0.00196 ( 1)
  54 L   0.76746 0.01127 0.21794 0.00333 ( 1)
  55 F   0.77080 0.00793 0.21892 0.00235 ( 1)
  56 L   0.77165 0.00708 0.21917 0.00210 ( 1)
  57 P   0.77584 0.00290 0.22040 0.00086 ( 1)
  58 F   0.77080 0.00793 0.21892 0.00235 ( 1)
  59 F   0.77666 0.00209 0.22064 0.00062 ( 1)
  60 S   0.76693 0.01180 0.21778 0.00349 ( 1)
  61 N   0.77681 0.00194 0.22068 0.00058 ( 1)
  62 V   0.77618 0.00256 0.22050 0.00076 ( 1)
  63 T   0.77635 0.00239 0.22055 0.00071 ( 1)
  64 W   0.76278 0.01594 0.21656 0.00472 ( 1)
  65 F   0.77080 0.00793 0.21892 0.00235 ( 1)
  66 H   0.77663 0.00211 0.22063 0.00063 ( 1)
  67 A   0.77637 0.00237 0.22055 0.00070 ( 1)
  68 I   0.76428 0.01444 0.21700 0.00427 ( 1)
  69 H   0.74539 0.03333 0.21143 0.00985 ( 1)
  70 V   0.75949 0.01923 0.21559 0.00569 ( 1)
  71 S   0.77590 0.00284 0.22042 0.00084 ( 1)
  72 G   0.76238 0.01634 0.21644 0.00483 ( 1)
  73 T   0.76856 0.01017 0.21826 0.00301 ( 1)
  74 N   0.77673 0.00202 0.22065 0.00060 ( 1)
  75 G   0.77643 0.00231 0.22057 0.00068 ( 1)
  76 T   0.77635 0.00239 0.22055 0.00071 ( 1)
  77 K   0.77124 0.00749 0.21905 0.00222 ( 1)
  78 R   0.76782 0.01091 0.21804 0.00323 ( 1)
  79 F   0.77666 0.00209 0.22064 0.00062 ( 1)
  80 D   0.74201 0.03673 0.21040 0.01085 ( 1)
  81 N   0.77229 0.00644 0.21936 0.00191 ( 1)
  82 P   0.77584 0.00290 0.22040 0.00086 ( 1)
  83 V   0.76886 0.00987 0.21835 0.00292 ( 1)
  84 L   0.76839 0.01034 0.21821 0.00306 ( 1)
  85 P   0.77146 0.00727 0.21912 0.00215 ( 1)
  86 F   0.77666 0.00209 0.22064 0.00062 ( 1)
  87 N   0.77681 0.00194 0.22068 0.00058 ( 1)
  88 D   0.77684 0.00191 0.22069 0.00056 ( 1)
  89 G   0.77643 0.00231 0.22057 0.00068 ( 1)
  90 V   0.77618 0.00256 0.22050 0.00076 ( 1)
  91 Y   0.77590 0.00284 0.22042 0.00084 ( 1)
  92 F   0.77666 0.00209 0.22064 0.00062 ( 1)
  93 A   0.77637 0.00237 0.22055 0.00070 ( 1)
  94 S   0.76693 0.01180 0.21778 0.00349 ( 1)
  95 T   0.77635 0.00239 0.22055 0.00071 ( 1)
  96 E   0.77088 0.00785 0.21895 0.00232 ( 1)
  97 K   0.77124 0.00749 0.21905 0.00222 ( 1)
  98 S   0.77590 0.00284 0.22042 0.00084 ( 1)
  99 N   0.77229 0.00644 0.21936 0.00191 ( 1)
 100 I   0.77415 0.00459 0.21990 0.00136 ( 1)
 101 I   0.77415 0.00459 0.21990 0.00136 ( 1)
 102 R   0.77388 0.00486 0.21983 0.00144 ( 1)
 103 G   0.76740 0.01133 0.21792 0.00335 ( 1)
 104 W   0.76278 0.01594 0.21656 0.00472 ( 1)
 105 I   0.77638 0.00237 0.22055 0.00070 ( 1)
 106 F   0.77666 0.00209 0.22064 0.00062 ( 1)
 107 G   0.77643 0.00231 0.22057 0.00068 ( 1)
 108 T   0.77635 0.00239 0.22055 0.00071 ( 1)
 109 T   0.77635 0.00239 0.22055 0.00071 ( 1)
 110 L   0.77165 0.00708 0.21917 0.00210 ( 1)
 111 D   0.77684 0.00191 0.22069 0.00056 ( 1)
 112 S   0.76006 0.01867 0.21576 0.00552 ( 1)
 113 K   0.77124 0.00749 0.21905 0.00222 ( 1)
 114 T   0.76869 0.01004 0.21830 0.00297 ( 1)
 115 Q   0.76545 0.01328 0.21735 0.00393 ( 1)
 116 S   0.76693 0.01180 0.21778 0.00349 ( 1)
 117 L   0.76839 0.01034 0.21821 0.00306 ( 1)
 118 L   0.77614 0.00260 0.22049 0.00077 ( 1)
 119 I   0.77638 0.00237 0.22055 0.00070 ( 1)
 120 V   0.77618 0.00256 0.22050 0.00076 ( 1)
 121 N   0.77681 0.00194 0.22068 0.00058 ( 1)
 122 N   0.77229 0.00644 0.21936 0.00191 ( 1)
 123 A   0.77637 0.00237 0.22055 0.00070 ( 1)
 124 T   0.77635 0.00239 0.22055 0.00071 ( 1)
 125 N   0.77681 0.00194 0.22068 0.00058 ( 1)
 126 V   0.77618 0.00256 0.22050 0.00076 ( 1)
 127 V   0.77618 0.00256 0.22050 0.00076 ( 1)
 128 I   0.77638 0.00237 0.22055 0.00070 ( 1)
 129 K   0.77521 0.00353 0.22022 0.00104 ( 1)
 130 V   0.76886 0.00987 0.21835 0.00292 ( 1)
 131 C   0.77588 0.00286 0.22042 0.00085 ( 1)
 132 E   0.77511 0.00363 0.22019 0.00107 ( 1)
 133 F   0.77666 0.00209 0.22064 0.00062 ( 1)
 134 Q   0.77191 0.00682 0.21925 0.00202 ( 1)
 135 F   0.77666 0.00209 0.22064 0.00062 ( 1)
 136 C   0.77588 0.00286 0.22042 0.00085 ( 1)
 137 N   0.77681 0.00194 0.22068 0.00058 ( 1)
 138 D   0.77684 0.00191 0.22069 0.00056 ( 1)
 139 P   0.77146 0.00727 0.21912 0.00215 ( 1)
 140 F   0.77666 0.00209 0.22064 0.00062 ( 1)
 141 L   0.76746 0.01127 0.21794 0.00333 ( 1)
 142 G   0.77643 0.00231 0.22057 0.00068 ( 1)
 143 V   0.77547 0.00328 0.22028 0.00097 ( 1)
 144 Y   0.75027 0.02845 0.21287 0.00841 ( 1)
 145 Y   0.76741 0.01131 0.21793 0.00335 ( 1)
 146 H   0.77273 0.00600 0.21949 0.00178 ( 1)
 147 K   0.70973 0.06901 0.20091 0.02035 ( 1)
 148 N   0.77229 0.00644 0.21936 0.00191 ( 1)
 149 N   0.77412 0.00461 0.21990 0.00137 ( 1)
 150 K   0.77521 0.00353 0.22022 0.00104 ( 1)
 151 S   0.67860 0.10014 0.19177 0.02948 ( 1)
 152 W   0.76278 0.01594 0.21656 0.00472 ( 1)
 153 M   0.54097 0.23777 0.15177 0.06949 ( 1)
 154 E   0.77511 0.00363 0.22019 0.00107 ( 1)
 155 S   0.74336 0.03538 0.21080 0.01045 ( 1)
 156 E   0.77088 0.00785 0.21895 0.00232 ( 1)
 157 F   0.77333 0.00540 0.21967 0.00160 ( 1)
 158 R   0.77388 0.00486 0.21983 0.00144 ( 1)
 159 V   0.77618 0.00256 0.22050 0.00076 ( 1)
 160 Y   0.77464 0.00410 0.22005 0.00121 ( 1)
 161 S   0.77445 0.00429 0.21999 0.00127 ( 1)
 162 S   0.77699 0.00175 0.22074 0.00052 ( 1)
 163 A   0.76679 0.01193 0.21774 0.00353 ( 1)
 164 N   0.77607 0.00268 0.22046 0.00079 ( 1)
 165 N   0.77681 0.00194 0.22068 0.00058 ( 1)
 166 C   0.76632 0.01241 0.21760 0.00367 ( 1)
 167 T   0.77635 0.00239 0.22055 0.00071 ( 1)
 168 F   0.77553 0.00322 0.22030 0.00095 ( 1)
 169 E   0.77409 0.00464 0.21989 0.00137 ( 1)
 170 Y   0.77450 0.00424 0.22000 0.00125 ( 1)
 171 V   0.68287 0.09586 0.19304 0.02823 ( 1)
 172 S   0.77590 0.00284 0.22042 0.00084 ( 1)
 173 Q   0.76746 0.01127 0.21794 0.00333 ( 1)
 174 P   0.77584 0.00290 0.22040 0.00086 ( 1)
 175 F   0.77666 0.00209 0.22064 0.00062 ( 1)
 176 L   0.77614 0.00260 0.22049 0.00077 ( 1)
 177 M   0.77506 0.00367 0.22018 0.00109 ( 1)
 178 D   0.77212 0.00661 0.21931 0.00196 ( 1)
 179 L   0.77614 0.00260 0.22049 0.00077 ( 1)
 180 E   0.77511 0.00363 0.22019 0.00107 ( 1)
 181 G   0.77180 0.00693 0.21922 0.00205 ( 1)
 182 K   0.77386 0.00487 0.21982 0.00144 ( 1)
 183 Q   0.76746 0.01127 0.21794 0.00333 ( 1)
 184 G   0.77643 0.00231 0.22057 0.00068 ( 1)
 185 N   0.77681 0.00194 0.22068 0.00058 ( 1)
 186 F   0.77333 0.00540 0.21967 0.00160 ( 1)
 187 K   0.77386 0.00487 0.21982 0.00144 ( 1)
 188 N   0.77607 0.00268 0.22046 0.00079 ( 1)
 189 L   0.77614 0.00260 0.22049 0.00077 ( 1)
 190 R   0.76978 0.00895 0.21862 0.00265 ( 1)
 191 E   0.77368 0.00506 0.21976 0.00150 ( 1)
 192 F   0.77562 0.00313 0.22033 0.00093 ( 1)
 193 V   0.76404 0.01469 0.21693 0.00435 ( 1)
 194 F   0.77666 0.00209 0.22064 0.00062 ( 1)
 195 K   0.77227 0.00646 0.21936 0.00191 ( 1)
 196 N   0.77681 0.00194 0.22068 0.00058 ( 1)
 197 I   0.73869 0.04006 0.20942 0.01183 ( 1)
 198 D   0.77684 0.00191 0.22069 0.00056 ( 1)
 199 G   0.77643 0.00231 0.22057 0.00068 ( 1)
 200 Y   0.77590 0.00284 0.22042 0.00084 ( 1)
 201 F   0.77267 0.00608 0.21946 0.00180 ( 1)
 202 K   0.77386 0.00487 0.21982 0.00144 ( 1)
 203 I   0.77469 0.00405 0.22007 0.00120 ( 1)
 204 Y   0.77450 0.00424 0.22000 0.00125 ( 1)
 205 S   0.77590 0.00284 0.22042 0.00084 ( 1)
 206 K   0.77398 0.00475 0.21986 0.00141 ( 1)
 207 H   0.77119 0.00754 0.21904 0.00223 ( 1)
 208 T   0.76834 0.01039 0.21820 0.00307 ( 1)
 209 P   0.77584 0.00290 0.22040 0.00086 ( 1)
 210 I   0.77638 0.00237 0.22055 0.00070 ( 1)
 211 N   0.74780 0.03095 0.21211 0.00915 ( 1)
 212 L   0.77165 0.00708 0.21917 0.00210 ( 1)
 213 V   0.76404 0.01469 0.21693 0.00435 ( 1)
 214 R   0.77223 0.00650 0.21934 0.00192 ( 1)
 215 D   0.72767 0.05107 0.20618 0.01508 ( 1)
 216 L   0.76913 0.00959 0.21843 0.00284 ( 1)
 217 P   0.76847 0.01027 0.21822 0.00304 ( 1)
 218 Q   0.00621 0.77252 0.00169 0.21958 ( 2)
 219 G   0.77643 0.00231 0.22057 0.00068 ( 1)
 220 F   0.77666 0.00209 0.22064 0.00062 ( 1)
 221 S   0.63370 0.14502 0.17868 0.04260 ( 1)
 222 A   0.77562 0.00312 0.22033 0.00092 ( 1)
 223 L   0.76976 0.00897 0.21861 0.00265 ( 1)
 224 E   0.77511 0.00363 0.22019 0.00107 ( 1)
 225 P   0.77146 0.00727 0.21912 0.00215 ( 1)
 226 L   0.76403 0.01469 0.21693 0.00435 ( 1)
 227 V   0.77144 0.00729 0.21911 0.00216 ( 1)
 228 D   0.77604 0.00270 0.22045 0.00080 ( 1)
 229 L   0.76139 0.01734 0.21614 0.00513 ( 1)
 230 P   0.77305 0.00568 0.21959 0.00168 ( 1)
 231 I   0.77415 0.00459 0.21990 0.00136 ( 1)
 232 G   0.77643 0.00231 0.22057 0.00068 ( 1)
 233 I   0.77638 0.00237 0.22055 0.00070 ( 1)
 234 N   0.77412 0.00461 0.21990 0.00137 ( 1)
 235 I   0.77304 0.00569 0.21959 0.00169 ( 1)
 236 T   0.77521 0.00353 0.22021 0.00104 ( 1)
 237 R   0.76978 0.00895 0.21862 0.00265 ( 1)
 238 F   0.77553 0.00322 0.22030 0.00095 ( 1)
 239 Q   0.77191 0.00682 0.21925 0.00202 ( 1)
 240 T   0.76704 0.01169 0.21781 0.00346 ( 1)
 241 L   0.74539 0.03333 0.21143 0.00985 ( 1)
 242 L   0.74539 0.03333 0.21143 0.00985 ( 1)
 243 A   0.76942 0.00931 0.21851 0.00276 ( 1)
 244 L   0.77165 0.00708 0.21917 0.00210 ( 1)
 245 H   0.77663 0.00211 0.22063 0.00063 ( 1)
 246 R   0.77388 0.00486 0.21983 0.00144 ( 1)
 247 S   0.77603 0.00272 0.22045 0.00080 ( 1)
 248 Y   0.77590 0.00284 0.22042 0.00084 ( 1)
 249 L   0.73623 0.04250 0.20872 0.01255 ( 1)
 250 T   0.77565 0.00309 0.22034 0.00091 ( 1)
 251 P   0.77584 0.00290 0.22040 0.00086 ( 1)
 252 G   0.77643 0.00231 0.22057 0.00068 ( 1)
 253 D   0.36610 0.41265 0.10177 0.11948 ( 2)
 254 S   0.46174 0.31700 0.12900 0.09226 ( 1)
 255 S   0.07221 0.70653 0.01977 0.20149 ( 2)
 256 S   0.11133 0.66740 0.03055 0.19072 ( 2)
 257 G   0.77472 0.00402 0.22007 0.00119 ( 1)
 258 W   0.76277 0.01595 0.21656 0.00472 ( 1)
 259 T   0.77313 0.00560 0.21961 0.00166 ( 1)
 260 A   0.73409 0.04466 0.20807 0.01319 ( 1)
 261 G   0.77507 0.00367 0.22017 0.00109 ( 1)
 262 A   0.77629 0.00246 0.22053 0.00073 ( 1)
 263 A   0.77418 0.00455 0.21992 0.00135 ( 1)
 264 A   0.77629 0.00246 0.22053 0.00073 ( 1)
 265 Y   0.77437 0.00437 0.21997 0.00129 ( 1)
 266 Y   0.77581 0.00293 0.22039 0.00087 ( 1)
 267 V   0.76841 0.01032 0.21822 0.00305 ( 1)
 268 G   0.77636 0.00238 0.22055 0.00070 ( 1)
 269 Y   0.77437 0.00437 0.21997 0.00129 ( 1)
 270 L   0.77425 0.00449 0.21993 0.00133 ( 1)
 271 Q   0.77180 0.00694 0.21922 0.00205 ( 1)
 272 P   0.57554 0.20320 0.16176 0.05950 ( 1)
 273 R   0.76770 0.01103 0.21801 0.00326 ( 1)
 274 T   0.77627 0.00248 0.22052 0.00073 ( 1)
 275 F   0.77658 0.00216 0.22062 0.00064 ( 1)
 276 L   0.76810 0.01063 0.21813 0.00314 ( 1)
 277 L   0.77056 0.00817 0.21885 0.00242 ( 1)
 278 K   0.32421 0.45452 0.08994 0.13132 ( 2)
 279 Y   0.77437 0.00437 0.21997 0.00129 ( 1)
 280 N   0.77673 0.00202 0.22065 0.00060 ( 1)
 281 E   0.66787 0.11087 0.18864 0.03262 ( 1)
 282 N   0.77673 0.00202 0.22065 0.00060 ( 1)
 283 G   0.77169 0.00704 0.21918 0.00208 ( 1)
 284 T   0.76856 0.01017 0.21826 0.00301 ( 1)
 285 I   0.77629 0.00246 0.22053 0.00073 ( 1)
 286 T   0.77309 0.00565 0.21959 0.00167 ( 1)
 287 D   0.77677 0.00198 0.22067 0.00059 ( 1)
 288 A   0.77629 0.00246 0.22053 0.00073 ( 1)
 289 V   0.77417 0.00456 0.21991 0.00135 ( 1)
 290 D   0.77398 0.00475 0.21986 0.00141 ( 1)
 291 C   0.77581 0.00293 0.22039 0.00087 ( 1)
 292 A   0.63651 0.14222 0.17949 0.04178 ( 1)
 293 L   0.77425 0.00449 0.21993 0.00133 ( 1)
 294 D   0.77201 0.00672 0.21928 0.00199 ( 1)
 295 P   0.77576 0.00298 0.22038 0.00088 ( 1)
 296 L   0.77453 0.00419 0.22003 0.00124 ( 1)
 297 S   0.76887 0.00986 0.21835 0.00292 ( 1)
 298 E   0.77355 0.00519 0.21973 0.00154 ( 1)
 299 T   0.77309 0.00565 0.21959 0.00167 ( 1)
 300 K   0.77113 0.00760 0.21902 0.00225 ( 1)
 301 C   0.77371 0.00503 0.21977 0.00149 ( 1)
 302 T   0.76826 0.01047 0.21818 0.00310 ( 1)
 303 L   0.77016 0.00856 0.21874 0.00253 ( 1)
 304 K   0.77512 0.00362 0.22019 0.00107 ( 1)
 305 S   0.76680 0.01192 0.21775 0.00353 ( 1)
 306 F   0.63513 0.14360 0.17909 0.04218 ( 1)
 307 T   0.77555 0.00320 0.22031 0.00095 ( 1)
 308 V   0.77532 0.00341 0.22026 0.00101 ( 1)
 309 E   0.77502 0.00372 0.22016 0.00110 ( 1)
 310 K   0.77512 0.00362 0.22019 0.00107 ( 1)
 311 G   0.77169 0.00704 0.21918 0.00208 ( 1)
 312 I   0.77496 0.00377 0.22015 0.00112 ( 1)
 313 Y   0.77437 0.00437 0.21997 0.00129 ( 1)
 314 Q   0.76940 0.00933 0.21851 0.00276 ( 1)
 315 T   0.77505 0.00369 0.22016 0.00109 ( 1)
 316 S   0.77582 0.00292 0.22039 0.00087 ( 1)
 317 N   0.77218 0.00656 0.21933 0.00194 ( 1)
 318 F   0.77543 0.00332 0.22027 0.00098 ( 1)
 319 R   0.77387 0.00487 0.21983 0.00144 ( 1)
 320 V   0.77246 0.00626 0.21942 0.00185 ( 1)
 321 Q   0.77189 0.00684 0.21925 0.00202 ( 1)
 322 P   0.77145 0.00728 0.21911 0.00215 ( 1)
 323 T   0.77319 0.00555 0.21962 0.00164 ( 1)
 324 E   0.01621 0.76253 0.00443 0.21684 ( 2)
 325 S   0.21027 0.56847 0.05799 0.16327 ( 2)
 326 I   0.77580 0.00295 0.22038 0.00087 ( 1)
 327 V   0.77617 0.00257 0.22049 0.00076 ( 1)
 328 R   0.77388 0.00486 0.21983 0.00144 ( 1)
 329 F   0.77562 0.00313 0.22033 0.00093 ( 1)
 330 P   0.77524 0.00350 0.22022 0.00104 ( 1)
 331 N   0.77681 0.00194 0.22068 0.00058 ( 1)
 332 I   0.77638 0.00237 0.22055 0.00070 ( 1)
 333 T   0.77320 0.00553 0.21963 0.00164 ( 1)
 334 N   0.77229 0.00644 0.21936 0.00191 ( 1)
 335 L   0.77025 0.00847 0.21877 0.00251 ( 1)
 336 C   0.77440 0.00433 0.21999 0.00128 ( 1)
 337 P   0.77457 0.00417 0.22003 0.00124 ( 1)
 338 F   0.77666 0.00209 0.22064 0.00062 ( 1)
 339 G   0.77518 0.00356 0.22020 0.00105 ( 1)
 340 E   0.77511 0.00363 0.22019 0.00107 ( 1)
 341 V   0.77476 0.00399 0.22007 0.00118 ( 1)
 342 F   0.77666 0.00209 0.22064 0.00062 ( 1)
 343 N   0.77229 0.00644 0.21936 0.00191 ( 1)
 344 A   0.77072 0.00801 0.21890 0.00237 ( 1)
 345 T   0.58924 0.18949 0.16575 0.05553 ( 1)
 346 R   0.20593 0.57280 0.05678 0.16449 ( 2)
 347 F   0.77562 0.00313 0.22033 0.00093 ( 1)
 348 A   0.77314 0.00560 0.21961 0.00166 ( 1)
 349 S   0.77087 0.00787 0.21893 0.00233 ( 1)
 350 V   0.77618 0.00256 0.22050 0.00076 ( 1)
 351 Y   0.77590 0.00284 0.22042 0.00084 ( 1)
 352 A   0.77637 0.00237 0.22055 0.00070 ( 1)
 353 W   0.76278 0.01594 0.21656 0.00472 ( 1)
 354 N   0.77229 0.00644 0.21936 0.00191 ( 1)
 355 R   0.76858 0.01014 0.21827 0.00300 ( 1)
 356 K   0.77124 0.00749 0.21905 0.00222 ( 1)
 357 R   0.77388 0.00486 0.21983 0.00144 ( 1)
 358 I   0.77501 0.00372 0.22017 0.00110 ( 1)
 359 S   0.77018 0.00855 0.21874 0.00253 ( 1)
 360 N   0.77412 0.00461 0.21990 0.00137 ( 1)
 361 C   0.77588 0.00286 0.22042 0.00085 ( 1)
 362 V   0.77618 0.00256 0.22050 0.00076 ( 1)
 363 A   0.77637 0.00237 0.22055 0.00070 ( 1)
 364 D   0.77684 0.00191 0.22069 0.00056 ( 1)
 365 Y   0.77029 0.00845 0.21876 0.00250 ( 1)
 366 S   0.77590 0.00284 0.22042 0.00084 ( 1)
 367 V   0.77100 0.00773 0.21898 0.00229 ( 1)
 368 L   0.77175 0.00698 0.21921 0.00206 ( 1)
 369 Y   0.77590 0.00284 0.22042 0.00084 ( 1)
 370 N   0.77607 0.00268 0.22046 0.00079 ( 1)
 371 S   0.77136 0.00737 0.21909 0.00218 ( 1)
 372 A   0.64633 0.13240 0.18235 0.03892 ( 1)
 373 S   0.76900 0.00973 0.21839 0.00288 ( 1)
 374 F   0.77666 0.00209 0.22064 0.00062 ( 1)
 375 S   0.76931 0.00942 0.21849 0.00279 ( 1)
 376 T   0.77518 0.00357 0.22020 0.00106 ( 1)
 377 F   0.77666 0.00209 0.22064 0.00062 ( 1)
 378 K   0.77398 0.00475 0.21986 0.00141 ( 1)
 379 C   0.77588 0.00286 0.22042 0.00085 ( 1)
 380 Y   0.77590 0.00284 0.22042 0.00084 ( 1)
 381 G   0.77180 0.00693 0.21922 0.00205 ( 1)
 382 V   0.77072 0.00800 0.21891 0.00237 ( 1)
 383 S   0.77445 0.00429 0.21999 0.00127 ( 1)
 384 P   0.77584 0.00290 0.22040 0.00086 ( 1)
 385 T   0.77565 0.00309 0.22034 0.00091 ( 1)
 386 K   0.77521 0.00353 0.22022 0.00104 ( 1)
 387 L   0.75923 0.01951 0.21550 0.00577 ( 1)
 388 N   0.77681 0.00194 0.22068 0.00058 ( 1)
 389 D   0.77604 0.00270 0.22045 0.00080 ( 1)
 390 L   0.77144 0.00729 0.21912 0.00216 ( 1)
 391 C   0.76632 0.01241 0.21760 0.00367 ( 1)
 392 F   0.77553 0.00322 0.22030 0.00095 ( 1)
 393 T   0.77521 0.00353 0.22021 0.00104 ( 1)
 394 N   0.77681 0.00194 0.22068 0.00058 ( 1)
 395 V   0.77181 0.00692 0.21922 0.00205 ( 1)
 396 Y   0.77590 0.00284 0.22042 0.00084 ( 1)
 397 A   0.77314 0.00560 0.21961 0.00166 ( 1)
 398 D   0.77385 0.00490 0.21980 0.00145 ( 1)
 399 S   0.76900 0.00973 0.21839 0.00288 ( 1)
 400 F   0.77666 0.00209 0.22064 0.00062 ( 1)
 401 V   0.77292 0.00581 0.21955 0.00172 ( 1)
 402 I   0.73869 0.04006 0.20942 0.01183 ( 1)
 403 R   0.20593 0.57280 0.05678 0.16449 ( 2)
 404 G   0.77643 0.00231 0.22057 0.00068 ( 1)
 405 D   0.77604 0.00270 0.22045 0.00080 ( 1)
 406 E   0.77368 0.00506 0.21976 0.00150 ( 1)
 407 V   0.77247 0.00626 0.21942 0.00185 ( 1)
 408 R   0.77388 0.00486 0.21983 0.00144 ( 1)
 409 Q   0.77191 0.00682 0.21925 0.00202 ( 1)
 410 I   0.77380 0.00493 0.21981 0.00146 ( 1)
 411 A   0.77240 0.00635 0.21938 0.00188 ( 1)
 412 P   0.77009 0.00864 0.21871 0.00256 ( 1)
 413 G   0.77035 0.00837 0.21880 0.00248 ( 1)
 414 Q   0.77191 0.00682 0.21925 0.00202 ( 1)
 415 T   0.77635 0.00239 0.22055 0.00071 ( 1)
 416 G   0.77351 0.00522 0.21972 0.00155 ( 1)
 417 K   0.00216 0.77657 0.00059 0.22068 ( 2)
 418 I   0.77638 0.00237 0.22055 0.00070 ( 1)
 419 A   0.77637 0.00237 0.22055 0.00070 ( 1)
 420 D   0.77590 0.00284 0.22041 0.00084 ( 1)
 421 Y   0.77464 0.00410 0.22005 0.00121 ( 1)
 422 N   0.77607 0.00268 0.22046 0.00079 ( 1)
 423 Y   0.77590 0.00284 0.22042 0.00084 ( 1)
 424 K   0.77386 0.00487 0.21982 0.00144 ( 1)
 425 L   0.76603 0.01270 0.21751 0.00376 ( 1)
 426 P   0.77146 0.00727 0.21912 0.00215 ( 1)
 427 D   0.77684 0.00191 0.22069 0.00056 ( 1)
 428 D   0.77684 0.00191 0.22069 0.00056 ( 1)
 429 F   0.77666 0.00209 0.22064 0.00062 ( 1)
 430 T   0.77556 0.00317 0.22033 0.00094 ( 1)
 431 G   0.77496 0.00377 0.22016 0.00112 ( 1)
 432 C   0.77440 0.00433 0.21999 0.00128 ( 1)
 433 V   0.77618 0.00256 0.22050 0.00076 ( 1)
 434 I   0.77469 0.00405 0.22007 0.00120 ( 1)
 435 A   0.77637 0.00237 0.22055 0.00070 ( 1)
 436 W   0.76278 0.01594 0.21656 0.00472 ( 1)
 437 N   0.77607 0.00268 0.22046 0.00079 ( 1)
 438 S   0.77445 0.00429 0.21999 0.00127 ( 1)
 439 N   0.00162 0.77711 0.00044 0.22083 ( 2)
 440 N   0.25713 0.52162 0.07108 0.15018 ( 2)
 441 L   0.07525 0.70349 0.02061 0.20065 ( 2)
 442 D   0.77684 0.00191 0.22069 0.00056 ( 1)
 443 S   0.69196 0.08678 0.19569 0.02557 ( 1)
 444 K   0.11474 0.66399 0.03149 0.18978 ( 2)
 445 V   0.00459 0.77416 0.00125 0.22001 ( 2)
 446 G   0.77528 0.00346 0.22023 0.00102 ( 1)
 447 G   0.77643 0.00231 0.22057 0.00068 ( 1)
 448 N   0.77681 0.00194 0.22068 0.00058 ( 1)
 449 Y   0.70431 0.07443 0.19931 0.02195 ( 1)
 450 N   0.35515 0.42359 0.09867 0.12258 ( 2)
 451 Y   0.77431 0.00441 0.21997 0.00131 ( 1)
 452 L   0.76326 0.01546 0.21670 0.00457 ( 1)
 453 Y   0.77464 0.00410 0.22005 0.00121 ( 1)
 454 R   0.75743 0.02131 0.21497 0.00630 ( 1)
 455 L   0.74147 0.03726 0.21026 0.01101 ( 1)
 456 F   0.77666 0.00209 0.22064 0.00062 ( 1)
 457 R   0.77264 0.00609 0.21947 0.00180 ( 1)
 458 K   0.77184 0.00689 0.21923 0.00204 ( 1)
 459 S   0.70480 0.07394 0.19946 0.02180 ( 1)
 460 N   0.73225 0.04650 0.20752 0.01373 ( 1)
 461 L   0.77458 0.00415 0.22005 0.00123 ( 1)
 462 K   0.77521 0.00353 0.22022 0.00104 ( 1)
 463 P   0.77205 0.00669 0.21928 0.00198 ( 1)
 464 F   0.77666 0.00209 0.22064 0.00062 ( 1)
 465 E   0.77088 0.00785 0.21895 0.00232 ( 1)
 466 R   0.77288 0.00585 0.21953 0.00173 ( 1)
 467 D   0.77684 0.00191 0.22069 0.00056 ( 1)
 468 I   0.77529 0.00345 0.22023 0.00102 ( 1)
 469 S   0.76892 0.00981 0.21837 0.00290 ( 1)
 470 T   0.77635 0.00239 0.22055 0.00071 ( 1)
 471 E   0.77511 0.00363 0.22019 0.00107 ( 1)
 472 I   0.77380 0.00493 0.21981 0.00146 ( 1)
 473 Y   0.77029 0.00845 0.21876 0.00250 ( 1)
 474 Q   0.77052 0.00821 0.21885 0.00243 ( 1)
 475 A   0.76964 0.00909 0.21858 0.00269 ( 1)
 476 G   0.76996 0.00878 0.21866 0.00260 ( 1)
 477 S   0.63744 0.14128 0.17976 0.04151 ( 1)
 478 T   0.65523 0.12351 0.18495 0.03632 ( 1)
 479 P   0.77383 0.00491 0.21981 0.00145 ( 1)
 480 C   0.77588 0.00286 0.22042 0.00085 ( 1)
 481 N   0.77607 0.00268 0.22046 0.00079 ( 1)
 482 G   0.77643 0.00231 0.22057 0.00068 ( 1)
 483 V   0.04730 0.73145 0.01294 0.20832 ( 2)
 484 E   0.00021 0.77852 0.00006 0.22121 ( 2)
 485 G   0.77643 0.00231 0.22057 0.00068 ( 1)
 486 F   0.63718 0.14156 0.17967 0.04159 ( 1)
 487 N   0.77681 0.00194 0.22068 0.00058 ( 1)
 488 C   0.77472 0.00402 0.22007 0.00119 ( 1)
 489 Y   0.77166 0.00707 0.21918 0.00209 ( 1)
 490 F   0.68802 0.09072 0.19453 0.02672 ( 1)
 491 P   0.77524 0.00350 0.22022 0.00104 ( 1)
 492 L   0.76247 0.01626 0.21646 0.00481 ( 1)
 493 Q   0.00897 0.76976 0.00245 0.21882 ( 2)
 494 S   0.11255 0.66618 0.03089 0.19039 ( 2)
 495 Y   0.77590 0.00284 0.22042 0.00084 ( 1)
 496 G   0.77577 0.00297 0.22038 0.00088 ( 1)
 497 F   0.77535 0.00338 0.22027 0.00100 ( 1)
 498 Q   0.12171 0.65702 0.03342 0.18785 ( 2)
 499 P   0.77155 0.00718 0.21915 0.00212 ( 1)
 500 T   0.77635 0.00239 0.22055 0.00071 ( 1)
 501 N   0.00969 0.76903 0.00265 0.21864 ( 2)
 502 G   0.77643 0.00231 0.22057 0.00068 ( 1)
 503 V   0.77618 0.00256 0.22050 0.00076 ( 1)
 504 G   0.31143 0.46731 0.08633 0.13493 ( 2)
 505 Y   0.57252 0.20621 0.16090 0.06037 ( 1)
 506 Q   0.77191 0.00682 0.21925 0.00202 ( 1)
 507 P   0.77508 0.00365 0.22019 0.00108 ( 1)
 508 Y   0.69742 0.08131 0.19731 0.02397 ( 1)
 509 R   0.77288 0.00585 0.21953 0.00173 ( 1)
 510 V   0.77144 0.00729 0.21911 0.00216 ( 1)
 511 V   0.77426 0.00447 0.21994 0.00132 ( 1)
 512 V   0.77426 0.00447 0.21994 0.00132 ( 1)
 513 L   0.76390 0.01484 0.21687 0.00439 ( 1)
 514 S   0.77445 0.00429 0.21999 0.00127 ( 1)
 515 F   0.77666 0.00209 0.22064 0.00062 ( 1)
 516 E   0.77368 0.00506 0.21976 0.00150 ( 1)
 517 L   0.76390 0.01484 0.21687 0.00439 ( 1)
 518 L   0.77175 0.00698 0.21921 0.00206 ( 1)
 519 H   0.69497 0.08377 0.19657 0.02469 ( 1)
 520 A   0.64153 0.13720 0.18095 0.04032 ( 1)
 521 P   0.77146 0.00727 0.21912 0.00215 ( 1)
 522 A   0.77427 0.00446 0.21995 0.00132 ( 1)
 523 T   0.77635 0.00239 0.22055 0.00071 ( 1)
 524 V   0.77618 0.00256 0.22050 0.00076 ( 1)
 525 C   0.77588 0.00286 0.22042 0.00085 ( 1)
 526 G   0.77180 0.00693 0.21922 0.00205 ( 1)
 527 P   0.77383 0.00491 0.21981 0.00145 ( 1)
 528 K   0.77421 0.00453 0.21992 0.00134 ( 1)
 529 K   0.12101 0.65772 0.03322 0.18805 ( 2)
 530 S   0.77590 0.00284 0.22042 0.00084 ( 1)
 531 T   0.77565 0.00309 0.22034 0.00091 ( 1)
 532 N   0.63331 0.14544 0.17854 0.04272 ( 1)
 533 L   0.76609 0.01263 0.21754 0.00374 ( 1)
 534 V   0.77618 0.00256 0.22050 0.00076 ( 1)
 535 K   0.77521 0.00353 0.22022 0.00104 ( 1)
 536 N   0.69513 0.08360 0.19663 0.02464 ( 1)
 537 K   0.77521 0.00353 0.22022 0.00104 ( 1)
 538 C   0.77588 0.00286 0.22042 0.00085 ( 1)
 539 V   0.76886 0.00987 0.21835 0.00292 ( 1)
 540 N   0.77681 0.00194 0.22068 0.00058 ( 1)
 541 F   0.77080 0.00793 0.21892 0.00235 ( 1)
 542 N   0.77229 0.00644 0.21936 0.00191 ( 1)
 543 F   0.77535 0.00338 0.22027 0.00100 ( 1)
 544 N   0.77607 0.00268 0.22046 0.00079 ( 1)
 545 G   0.77643 0.00231 0.22057 0.00068 ( 1)
 546 L   0.77165 0.00708 0.21917 0.00210 ( 1)
 547 T   0.77556 0.00317 0.22033 0.00094 ( 1)
 548 G   0.76740 0.01133 0.21792 0.00335 ( 1)
 549 T   0.77320 0.00553 0.21963 0.00164 ( 1)
 550 G   0.77643 0.00231 0.22057 0.00068 ( 1)
 551 V   0.77501 0.00373 0.22015 0.00110 ( 1)
 552 L   0.77492 0.00383 0.22013 0.00113 ( 1)
 553 T   0.77411 0.00463 0.21988 0.00137 ( 1)
 554 E   0.13774 0.64099 0.03785 0.18342 ( 2)
 555 S   0.77590 0.00284 0.22042 0.00084 ( 1)
 556 N   0.69969 0.07904 0.19797 0.02330 ( 1)
 557 K   0.77521 0.00353 0.22022 0.00104 ( 1)
 558 K   0.61612 0.16261 0.17355 0.04772 ( 1)
 559 F   0.77666 0.00209 0.22064 0.00062 ( 1)
 560 L   0.75989 0.01883 0.21571 0.00557 ( 1)
 561 P   0.77584 0.00290 0.22040 0.00086 ( 1)
 562 F   0.77333 0.00540 0.21967 0.00160 ( 1)
 563 Q   0.77191 0.00682 0.21925 0.00202 ( 1)
 564 Q   0.77191 0.00682 0.21925 0.00202 ( 1)
 565 F   0.77666 0.00209 0.22064 0.00062 ( 1)
 566 G   0.77496 0.00377 0.22016 0.00112 ( 1)
 567 R   0.77388 0.00486 0.21983 0.00144 ( 1)
 568 D   0.77212 0.00661 0.21931 0.00196 ( 1)
 569 I   0.77551 0.00324 0.22030 0.00096 ( 1)
 570 A   0.01991 0.07044 0.81558 0.09407 ( 3)
 571 D   0.77212 0.00661 0.21931 0.00196 ( 1)
 572 T   0.77635 0.00239 0.22055 0.00071 ( 1)
 573 T   0.77635 0.00239 0.22055 0.00071 ( 1)
 574 D   0.77684 0.00191 0.22069 0.00056 ( 1)
 575 A   0.77519 0.00355 0.22020 0.00105 ( 1)
 576 V   0.76886 0.00987 0.21835 0.00292 ( 1)
 577 R   0.77481 0.00392 0.22010 0.00116 ( 1)
 578 D   0.77604 0.00270 0.22045 0.00080 ( 1)
 579 P   0.77146 0.00727 0.21912 0.00215 ( 1)
 580 Q   0.76545 0.01328 0.21735 0.00393 ( 1)
 581 T   0.77320 0.00553 0.21963 0.00164 ( 1)
 582 L   0.77614 0.00260 0.22049 0.00077 ( 1)
 583 E   0.66327 0.11546 0.18730 0.03397 ( 1)
 584 I   0.77581 0.00294 0.22038 0.00087 ( 1)
 585 L   0.77614 0.00260 0.22049 0.00077 ( 1)
 586 D   0.77212 0.00661 0.21931 0.00196 ( 1)
 587 I   0.77638 0.00237 0.22055 0.00070 ( 1)
 588 T   0.77241 0.00632 0.21939 0.00187 ( 1)
 589 P   0.77305 0.00568 0.21959 0.00168 ( 1)
 590 C   0.77384 0.00490 0.21981 0.00145 ( 1)
 591 S   0.77590 0.00284 0.22042 0.00084 ( 1)
 592 F   0.77666 0.00209 0.22064 0.00062 ( 1)
 593 G   0.77518 0.00356 0.22020 0.00105 ( 1)
 594 G   0.77518 0.00356 0.22020 0.00105 ( 1)
 595 V   0.77247 0.00626 0.21942 0.00185 ( 1)
 596 S   0.77699 0.00175 0.22074 0.00052 ( 1)
 597 V   0.77476 0.00399 0.22007 0.00118 ( 1)
 598 I   0.77415 0.00459 0.21990 0.00136 ( 1)
 599 T   0.77320 0.00553 0.21963 0.00164 ( 1)
 600 P   0.77220 0.00653 0.21934 0.00193 ( 1)
 601 G   0.77351 0.00522 0.21972 0.00155 ( 1)
 602 T   0.77320 0.00553 0.21963 0.00164 ( 1)
 603 N   0.77607 0.00268 0.22046 0.00079 ( 1)
 604 T   0.68073 0.09802 0.19239 0.02886 ( 1)
 605 S   0.77590 0.00284 0.22042 0.00084 ( 1)
 606 N   0.77412 0.00461 0.21990 0.00137 ( 1)
 607 Q   0.76746 0.01127 0.21794 0.00333 ( 1)
 608 V   0.77476 0.00399 0.22007 0.00118 ( 1)
 609 A   0.77637 0.00237 0.22055 0.00070 ( 1)
 610 V   0.77561 0.00314 0.22033 0.00093 ( 1)
 611 L   0.77614 0.00260 0.22049 0.00077 ( 1)
 612 Y   0.77450 0.00424 0.22000 0.00125 ( 1)
 613 Q   0.76746 0.01127 0.21794 0.00333 ( 1)
 614 D   0.25063 0.52811 0.06926 0.15200 ( 2)
 615 V   0.77618 0.00256 0.22050 0.00076 ( 1)
 616 N   0.77229 0.00644 0.21936 0.00191 ( 1)
 617 C   0.77089 0.00784 0.21895 0.00232 ( 1)
 618 T   0.77431 0.00442 0.21996 0.00131 ( 1)
 619 E   0.77511 0.00363 0.22019 0.00107 ( 1)
 620 V   0.76869 0.01004 0.21830 0.00297 ( 1)
 621 P   0.77584 0.00290 0.22040 0.00086 ( 1)
 622 V   0.58399 0.19475 0.16421 0.05705 ( 1)
 623 A   0.77516 0.00359 0.22019 0.00106 ( 1)
 624 I   0.77529 0.00345 0.22023 0.00102 ( 1)
 625 H   0.77663 0.00211 0.22063 0.00063 ( 1)
 626 A   0.77314 0.00560 0.21961 0.00166 ( 1)
 627 D   0.71674 0.06201 0.20296 0.01830 ( 1)
 628 Q   0.77191 0.00682 0.21925 0.00202 ( 1)
 629 L   0.77614 0.00260 0.22049 0.00077 ( 1)
 630 T   0.77565 0.00309 0.22034 0.00091 ( 1)
 631 P   0.77462 0.00412 0.22004 0.00122 ( 1)
 632 T   0.71655 0.06220 0.20290 0.01835 ( 1)
 633 W   0.76278 0.01594 0.21656 0.00472 ( 1)
 634 R   0.77481 0.00392 0.22010 0.00116 ( 1)
 635 V   0.77618 0.00256 0.22050 0.00076 ( 1)
 636 Y   0.77029 0.00845 0.21876 0.00250 ( 1)
 637 S   0.77461 0.00413 0.22004 0.00122 ( 1)
 638 T   0.67888 0.09986 0.19186 0.02940 ( 1)
 639 G   0.77518 0.00356 0.22020 0.00105 ( 1)
 640 S   0.69441 0.08433 0.19641 0.02485 ( 1)
 641 N   0.77681 0.00194 0.22068 0.00058 ( 1)
 642 V   0.77476 0.00399 0.22007 0.00118 ( 1)
 643 F   0.77666 0.00209 0.22064 0.00062 ( 1)
 644 Q   0.77191 0.00682 0.21925 0.00202 ( 1)
 645 T   0.77320 0.00553 0.21963 0.00164 ( 1)
 646 R   0.75565 0.02308 0.21444 0.00682 ( 1)
 647 A   0.77314 0.00560 0.21961 0.00166 ( 1)
 648 G   0.76956 0.00917 0.21856 0.00271 ( 1)
 649 C   0.77588 0.00286 0.22042 0.00085 ( 1)
 650 L   0.77165 0.00708 0.21917 0.00210 ( 1)
 651 I   0.69233 0.08641 0.19580 0.02546 ( 1)
 652 G   0.76991 0.00881 0.21867 0.00261 ( 1)
 653 A   0.77637 0.00237 0.22055 0.00070 ( 1)
 654 E   0.77368 0.00506 0.21976 0.00150 ( 1)
 655 H   0.77663 0.00211 0.22063 0.00063 ( 1)
 656 V   0.76886 0.00987 0.21835 0.00292 ( 1)
 657 N   0.77368 0.00505 0.21977 0.00150 ( 1)
 658 N   0.77412 0.00461 0.21990 0.00137 ( 1)
 659 S   0.77081 0.00792 0.21893 0.00234 ( 1)
 660 Y   0.77590 0.00284 0.22042 0.00084 ( 1)
 661 E   0.77202 0.00671 0.21928 0.00199 ( 1)
 662 C   0.77588 0.00286 0.22042 0.00085 ( 1)
 663 D   0.77212 0.00661 0.21931 0.00196 ( 1)
 664 I   0.77469 0.00405 0.22007 0.00120 ( 1)
 665 P   0.77155 0.00718 0.21915 0.00212 ( 1)
 666 I   0.72213 0.05662 0.20454 0.01671 ( 1)
 667 G   0.77643 0.00231 0.22057 0.00068 ( 1)
 668 A   0.77427 0.00446 0.21995 0.00132 ( 1)
 669 G   0.77301 0.00573 0.21956 0.00170 ( 1)
 670 I   0.77415 0.00459 0.21990 0.00136 ( 1)
 671 C   0.77089 0.00784 0.21895 0.00232 ( 1)
 672 A   0.77371 0.00504 0.21976 0.00149 ( 1)
 673 S   0.77699 0.00175 0.22074 0.00052 ( 1)
 674 Y   0.77450 0.00424 0.22000 0.00125 ( 1)
 675 Q   0.65558 0.12315 0.18506 0.03622 ( 1)
 676 T   0.69675 0.08200 0.19709 0.02417 ( 1)
 677 Q   0.00518 0.77354 0.00141 0.21986 ( 2)
 678 T   0.69862 0.08013 0.19764 0.02362 ( 1)
 679 N   0.74539 0.03333 0.21143 0.00985 ( 1)
 680 S   0.74539 0.03333 0.21143 0.00985 ( 1)
 681 P   0.74539 0.03333 0.21143 0.00985 ( 1)
 682 R   0.74539 0.03333 0.21143 0.00985 ( 1)
 683 R   0.74539 0.03333 0.21143 0.00985 ( 1)
 684 A   0.74539 0.03333 0.21143 0.00985 ( 1)
 685 R   0.77481 0.00392 0.22010 0.00116 ( 1)
 686 S   0.77699 0.00175 0.22074 0.00052 ( 1)
 687 V   0.77048 0.00826 0.21882 0.00244 ( 1)
 688 A   0.19651 0.58223 0.05416 0.16710 ( 2)
 689 S   0.02987 0.74887 0.00816 0.21310 ( 2)
 690 Q   0.49551 0.28322 0.13869 0.08258 ( 1)
 691 S   0.77137 0.00736 0.21909 0.00218 ( 1)
 692 I   0.77221 0.00652 0.21934 0.00193 ( 1)
 693 I   0.77638 0.00237 0.22055 0.00070 ( 1)
 694 A   0.77242 0.00631 0.21940 0.00187 ( 1)
 695 Y   0.76728 0.01145 0.21789 0.00339 ( 1)
 696 T   0.77635 0.00239 0.22055 0.00071 ( 1)
 697 M   0.77506 0.00367 0.22018 0.00109 ( 1)
 698 S   0.77205 0.00668 0.21929 0.00198 ( 1)
 699 L   0.76390 0.01484 0.21687 0.00439 ( 1)
 700 G   0.77643 0.00231 0.22057 0.00068 ( 1)
 701 A   0.68017 0.09856 0.19224 0.02902 ( 1)
 702 E   0.77511 0.00363 0.22019 0.00107 ( 1)
 703 N   0.77681 0.00194 0.22068 0.00058 ( 1)
 704 S   0.76900 0.00973 0.21839 0.00288 ( 1)
 705 V   0.77618 0.00256 0.22050 0.00076 ( 1)
 706 A   0.77637 0.00237 0.22055 0.00070 ( 1)
 707 Y   0.77431 0.00441 0.21997 0.00131 ( 1)
 708 S   0.77590 0.00284 0.22042 0.00084 ( 1)
 709 N   0.77681 0.00194 0.22068 0.00058 ( 1)
 710 N   0.77412 0.00461 0.21990 0.00137 ( 1)
 711 S   0.77445 0.00429 0.21999 0.00127 ( 1)
 712 I   0.77638 0.00237 0.22055 0.00070 ( 1)
 713 A   0.76850 0.01022 0.21825 0.00303 ( 1)
 714 I   0.77415 0.00459 0.21990 0.00136 ( 1)
 715 P   0.77428 0.00444 0.21996 0.00132 ( 1)
 716 T   0.02414 0.00500 0.96468 0.00619 ( 3)
 717 N   0.77681 0.00194 0.22068 0.00058 ( 1)
 718 F   0.77666 0.00209 0.22064 0.00062 ( 1)
 719 T   0.77565 0.00309 0.22034 0.00091 ( 1)
 720 I   0.77581 0.00294 0.22038 0.00087 ( 1)
 721 S   0.77699 0.00175 0.22074 0.00052 ( 1)
 722 V   0.77475 0.00399 0.22007 0.00118 ( 1)
 723 T   0.76869 0.01004 0.21830 0.00297 ( 1)
 724 T   0.77394 0.00479 0.21985 0.00142 ( 1)
 725 E   0.77511 0.00363 0.22019 0.00107 ( 1)
 726 I   0.77638 0.00237 0.22055 0.00070 ( 1)
 727 L   0.76839 0.01034 0.21821 0.00306 ( 1)
 728 P   0.77220 0.00653 0.21934 0.00193 ( 1)
 729 V   0.76404 0.01469 0.21693 0.00435 ( 1)
 730 S   0.77445 0.00429 0.21999 0.00127 ( 1)
 731 M   0.77506 0.00367 0.22018 0.00109 ( 1)
 732 T   0.77353 0.00520 0.21973 0.00154 ( 1)
 733 K   0.77124 0.00749 0.21905 0.00222 ( 1)
 734 T   0.77431 0.00442 0.21996 0.00131 ( 1)
 735 S   0.77081 0.00792 0.21893 0.00234 ( 1)
 736 V   0.77314 0.00560 0.21961 0.00166 ( 1)
 737 D   0.77590 0.00284 0.22041 0.00084 ( 1)
 738 C   0.77588 0.00286 0.22042 0.00085 ( 1)
 739 T   0.77431 0.00442 0.21996 0.00131 ( 1)
 740 M   0.77506 0.00367 0.22018 0.00109 ( 1)
 741 Y   0.76980 0.00892 0.21863 0.00264 ( 1)
 742 I   0.77551 0.00324 0.22030 0.00096 ( 1)
 743 C   0.77588 0.00286 0.22042 0.00085 ( 1)
 744 G   0.77518 0.00356 0.22020 0.00105 ( 1)
 745 D   0.77684 0.00191 0.22069 0.00056 ( 1)
 746 S   0.76900 0.00973 0.21839 0.00288 ( 1)
 747 T   0.73704 0.04171 0.20894 0.01232 ( 1)
 748 E   0.77170 0.00704 0.21918 0.00208 ( 1)
 749 C   0.77089 0.00784 0.21895 0.00232 ( 1)
 750 S   0.77328 0.00545 0.21966 0.00161 ( 1)
 751 N   0.77588 0.00287 0.22040 0.00085 ( 1)
 752 L   0.76390 0.01484 0.21687 0.00439 ( 1)
 753 L   0.76746 0.01127 0.21794 0.00333 ( 1)
 754 L   0.76609 0.01263 0.21754 0.00374 ( 1)
 755 Q   0.77191 0.00682 0.21925 0.00202 ( 1)
 756 Y   0.77590 0.00284 0.22042 0.00084 ( 1)
 757 G   0.76956 0.00917 0.21856 0.00271 ( 1)
 758 S   0.77699 0.00175 0.22074 0.00052 ( 1)
 759 F   0.77666 0.00209 0.22064 0.00062 ( 1)
 760 C   0.76863 0.01010 0.21827 0.00299 ( 1)
 761 T   0.77320 0.00553 0.21963 0.00164 ( 1)
 762 Q   0.77191 0.00682 0.21925 0.00202 ( 1)
 763 L   0.77165 0.00708 0.21917 0.00210 ( 1)
 764 N   0.77368 0.00505 0.21977 0.00150 ( 1)
 765 R   0.77481 0.00392 0.22010 0.00116 ( 1)
 766 A   0.77637 0.00237 0.22055 0.00070 ( 1)
 767 L   0.76976 0.00897 0.21861 0.00265 ( 1)
 768 T   0.77635 0.00239 0.22055 0.00071 ( 1)
 769 G   0.76945 0.00928 0.21852 0.00275 ( 1)
 770 I   0.77469 0.00405 0.22007 0.00120 ( 1)
 771 A   0.77637 0.00237 0.22055 0.00070 ( 1)
 772 V   0.77618 0.00256 0.22050 0.00076 ( 1)
 773 E   0.77511 0.00363 0.22019 0.00107 ( 1)
 774 Q   0.77078 0.00795 0.21891 0.00235 ( 1)
 775 D   0.77212 0.00661 0.21931 0.00196 ( 1)
 776 K   0.77521 0.00353 0.22022 0.00104 ( 1)
 777 N   0.77368 0.00505 0.21977 0.00150 ( 1)
 778 T   0.77339 0.00533 0.21969 0.00158 ( 1)
 779 Q   0.77191 0.00682 0.21925 0.00202 ( 1)
 780 E   0.77511 0.00363 0.22019 0.00107 ( 1)
 781 V   0.77618 0.00256 0.22050 0.00076 ( 1)
 782 F   0.77666 0.00209 0.22064 0.00062 ( 1)
 783 A   0.77360 0.00513 0.21975 0.00152 ( 1)
 784 Q   0.76955 0.00918 0.21855 0.00272 ( 1)
 785 V   0.77471 0.00402 0.22008 0.00119 ( 1)
 786 K   0.77521 0.00353 0.22022 0.00104 ( 1)
 787 Q   0.77191 0.00682 0.21925 0.00202 ( 1)
 788 I   0.77551 0.00324 0.22030 0.00096 ( 1)
 789 Y   0.76980 0.00892 0.21863 0.00264 ( 1)
 790 K   0.77421 0.00453 0.21992 0.00134 ( 1)
 791 T   0.77320 0.00553 0.21963 0.00164 ( 1)
 792 P   0.77146 0.00727 0.21912 0.00215 ( 1)
 793 P   0.77305 0.00568 0.21959 0.00168 ( 1)
 794 I   0.77638 0.00237 0.22055 0.00070 ( 1)
 795 K   0.77521 0.00353 0.22022 0.00104 ( 1)
 796 D   0.77684 0.00191 0.22069 0.00056 ( 1)
 797 F   0.77666 0.00209 0.22064 0.00062 ( 1)
 798 G   0.77643 0.00231 0.22057 0.00068 ( 1)
 799 G   0.77473 0.00401 0.22007 0.00119 ( 1)
 800 F   0.77562 0.00313 0.22033 0.00093 ( 1)
 801 N   0.77607 0.00268 0.22046 0.00079 ( 1)
 802 F   0.77666 0.00209 0.22064 0.00062 ( 1)
 803 S   0.76900 0.00973 0.21839 0.00288 ( 1)
 804 Q   0.77191 0.00682 0.21925 0.00202 ( 1)
 805 I   0.77415 0.00459 0.21990 0.00136 ( 1)
 806 L   0.76976 0.00897 0.21861 0.00265 ( 1)
 807 P   0.77146 0.00727 0.21912 0.00215 ( 1)
 808 D   0.77684 0.00191 0.22069 0.00056 ( 1)
 809 P   0.77146 0.00727 0.21912 0.00215 ( 1)
 810 S   0.76900 0.00973 0.21839 0.00288 ( 1)
 811 K   0.77521 0.00353 0.22022 0.00104 ( 1)
 812 P   0.77146 0.00727 0.21912 0.00215 ( 1)
 813 S   0.77018 0.00855 0.21874 0.00253 ( 1)
 814 K   0.77124 0.00749 0.21905 0.00222 ( 1)
 815 R   0.76782 0.01091 0.21804 0.00323 ( 1)
 816 S   0.76900 0.00973 0.21839 0.00288 ( 1)
 817 F   0.77666 0.00209 0.22064 0.00062 ( 1)
 818 I   0.77638 0.00237 0.22055 0.00070 ( 1)
 819 E   0.77170 0.00704 0.21918 0.00208 ( 1)
 820 D   0.77684 0.00191 0.22069 0.00056 ( 1)
 821 L   0.77050 0.00822 0.21884 0.00243 ( 1)
 822 L   0.77439 0.00435 0.21997 0.00129 ( 1)
 823 F   0.77080 0.00793 0.21892 0.00235 ( 1)
 824 N   0.77368 0.00505 0.21977 0.00150 ( 1)
 825 K   0.77521 0.00353 0.22022 0.00104 ( 1)
 826 V   0.76404 0.01469 0.21693 0.00435 ( 1)
 827 T   0.77320 0.00553 0.21963 0.00164 ( 1)
 828 L   0.77614 0.00260 0.22049 0.00077 ( 1)
 829 A   0.77558 0.00315 0.22033 0.00093 ( 1)
 830 D   0.77684 0.00191 0.22069 0.00056 ( 1)
 831 A   0.77637 0.00237 0.22055 0.00070 ( 1)
 832 G   0.76740 0.01133 0.21792 0.00335 ( 1)
 833 F   0.77080 0.00793 0.21892 0.00235 ( 1)
 834 I   0.77007 0.00866 0.21871 0.00256 ( 1)
 835 K   0.77521 0.00353 0.22022 0.00104 ( 1)
 836 Q   0.77191 0.00682 0.21925 0.00202 ( 1)
 837 Y   0.77590 0.00284 0.22042 0.00084 ( 1)
 838 G   0.77643 0.00231 0.22057 0.00068 ( 1)
 839 D   0.77684 0.00191 0.22069 0.00056 ( 1)
 840 C   0.76632 0.01241 0.21760 0.00367 ( 1)
 841 L   0.77614 0.00260 0.22049 0.00077 ( 1)
 842 G   0.77643 0.00231 0.22057 0.00068 ( 1)
 843 D   0.77684 0.00191 0.22069 0.00056 ( 1)
 844 I   0.77638 0.00237 0.22055 0.00070 ( 1)
 845 A   0.77637 0.00237 0.22055 0.00070 ( 1)
 846 A   0.77637 0.00237 0.22055 0.00070 ( 1)
 847 R   0.77288 0.00585 0.21953 0.00173 ( 1)
 848 D   0.77566 0.00307 0.22036 0.00091 ( 1)
 849 L   0.76913 0.00959 0.21843 0.00284 ( 1)
 850 I   0.77551 0.00324 0.22030 0.00096 ( 1)
 851 C   0.77588 0.00286 0.22042 0.00085 ( 1)
 852 A   0.77387 0.00486 0.21983 0.00144 ( 1)
 853 Q   0.77191 0.00682 0.21925 0.00202 ( 1)
 854 K   0.77124 0.00749 0.21905 0.00222 ( 1)
 855 F   0.77267 0.00608 0.21946 0.00180 ( 1)
 856 N   0.77564 0.00309 0.22035 0.00091 ( 1)
 857 G   0.76934 0.00938 0.21850 0.00278 ( 1)
 858 L   0.77439 0.00435 0.21997 0.00129 ( 1)
 859 T   0.77475 0.00400 0.22007 0.00118 ( 1)
 860 V   0.77618 0.00256 0.22050 0.00076 ( 1)
 861 L   0.76388 0.01485 0.21688 0.00439 ( 1)
 862 P   0.76883 0.00990 0.21834 0.00293 ( 1)
 863 P   0.77584 0.00290 0.22040 0.00086 ( 1)
 864 L   0.76746 0.01127 0.21794 0.00333 ( 1)
 865 L   0.76690 0.01183 0.21777 0.00350 ( 1)
 866 T   0.77320 0.00553 0.21963 0.00164 ( 1)
 867 D   0.77684 0.00191 0.22069 0.00056 ( 1)
 868 E   0.77511 0.00363 0.22019 0.00107 ( 1)
 869 M   0.77506 0.00367 0.22018 0.00109 ( 1)
 870 I   0.77529 0.00345 0.22023 0.00102 ( 1)
 871 A   0.77637 0.00237 0.22055 0.00070 ( 1)
 872 Q   0.77191 0.00682 0.21925 0.00202 ( 1)
 873 Y   0.76728 0.01145 0.21789 0.00339 ( 1)
 874 T   0.77635 0.00239 0.22055 0.00071 ( 1)
 875 S   0.77590 0.00284 0.22042 0.00084 ( 1)
 876 A   0.77314 0.00560 0.21961 0.00166 ( 1)
 877 L   0.76665 0.01207 0.21771 0.00357 ( 1)
 878 L   0.75820 0.02053 0.21520 0.00607 ( 1)
 879 A   0.67183 0.10689 0.18981 0.03146 ( 1)
 880 G   0.77518 0.00356 0.22020 0.00105 ( 1)
 881 T   0.77320 0.00553 0.21963 0.00164 ( 1)
 882 I   0.77007 0.00866 0.21871 0.00256 ( 1)
 883 T   0.77521 0.00353 0.22021 0.00104 ( 1)
 884 S   0.77445 0.00429 0.21999 0.00127 ( 1)
 885 G   0.77643 0.00231 0.22057 0.00068 ( 1)
 886 W   0.76278 0.01594 0.21656 0.00472 ( 1)
 887 T   0.77110 0.00763 0.21901 0.00226 ( 1)
 888 F   0.77666 0.00209 0.22064 0.00062 ( 1)
 889 G   0.77643 0.00231 0.22057 0.00068 ( 1)
 890 A   0.77314 0.00560 0.21961 0.00166 ( 1)
 891 G   0.77518 0.00356 0.22020 0.00105 ( 1)
 892 A   0.77637 0.00237 0.22055 0.00070 ( 1)
 893 A   0.77558 0.00315 0.22033 0.00093 ( 1)
 894 L   0.77165 0.00708 0.21917 0.00210 ( 1)
 895 Q   0.77191 0.00682 0.21925 0.00202 ( 1)
 896 I   0.77415 0.00459 0.21990 0.00136 ( 1)
 897 P   0.77009 0.00864 0.21871 0.00256 ( 1)
 898 F   0.77666 0.00209 0.22064 0.00062 ( 1)
 899 A   0.77371 0.00504 0.21976 0.00149 ( 1)
 900 M   0.77506 0.00367 0.22018 0.00109 ( 1)
 901 Q   0.77191 0.00682 0.21925 0.00202 ( 1)
 902 M   0.77506 0.00367 0.22018 0.00109 ( 1)
 903 A   0.77637 0.00237 0.22055 0.00070 ( 1)
 904 Y   0.77450 0.00424 0.22000 0.00125 ( 1)
 905 R   0.76782 0.01091 0.21804 0.00323 ( 1)
 906 F   0.77666 0.00209 0.22064 0.00062 ( 1)
 907 N   0.77681 0.00194 0.22068 0.00058 ( 1)
 908 G   0.77473 0.00401 0.22007 0.00119 ( 1)
 909 I   0.77638 0.00237 0.22055 0.00070 ( 1)
 910 G   0.77180 0.00693 0.21922 0.00205 ( 1)
 911 V   0.77520 0.00355 0.22020 0.00105 ( 1)
 912 T   0.77431 0.00442 0.21996 0.00131 ( 1)
 913 Q   0.76545 0.01328 0.21735 0.00393 ( 1)
 914 N   0.77681 0.00194 0.22068 0.00058 ( 1)
 915 V   0.77618 0.00256 0.22050 0.00076 ( 1)
 916 L   0.76769 0.01103 0.21801 0.00326 ( 1)
 917 Y   0.77590 0.00284 0.22042 0.00084 ( 1)
 918 E   0.77088 0.00785 0.21895 0.00232 ( 1)
 919 N   0.77412 0.00461 0.21990 0.00137 ( 1)
 920 Q   0.76955 0.00918 0.21855 0.00272 ( 1)
 921 K   0.77521 0.00353 0.22022 0.00104 ( 1)
 922 L   0.76821 0.01052 0.21816 0.00311 ( 1)
 923 I   0.77638 0.00237 0.22055 0.00070 ( 1)
 924 A   0.76850 0.01022 0.21825 0.00303 ( 1)
 925 N   0.77412 0.00461 0.21990 0.00137 ( 1)
 926 Q   0.76638 0.01235 0.21761 0.00365 ( 1)
 927 F   0.77553 0.00322 0.22030 0.00095 ( 1)
 928 N   0.77607 0.00268 0.22046 0.00079 ( 1)
 929 S   0.77699 0.00175 0.22074 0.00052 ( 1)
 930 A   0.77637 0.00237 0.22055 0.00070 ( 1)
 931 I   0.77638 0.00237 0.22055 0.00070 ( 1)
 932 G   0.76740 0.01133 0.21792 0.00335 ( 1)
 933 K   0.77521 0.00353 0.22022 0.00104 ( 1)
 934 I   0.77581 0.00294 0.22038 0.00087 ( 1)
 935 Q   0.76955 0.00918 0.21855 0.00272 ( 1)
 936 D   0.77406 0.00467 0.21989 0.00138 ( 1)
 937 S   0.76900 0.00973 0.21839 0.00288 ( 1)
 938 L   0.77614 0.00260 0.22049 0.00077 ( 1)
 939 S   0.77445 0.00429 0.21999 0.00127 ( 1)
 940 S   0.77427 0.00446 0.21995 0.00132 ( 1)
 941 T   0.77131 0.00742 0.21907 0.00220 ( 1)
 942 A   0.77427 0.00446 0.21995 0.00132 ( 1)
 943 S   0.77699 0.00175 0.22074 0.00052 ( 1)
 944 A   0.77314 0.00560 0.21961 0.00166 ( 1)
 945 L   0.77614 0.00260 0.22049 0.00077 ( 1)
 946 G   0.77351 0.00522 0.21972 0.00155 ( 1)
 947 K   0.77521 0.00353 0.22022 0.00104 ( 1)
 948 L   0.77614 0.00260 0.22049 0.00077 ( 1)
 949 Q   0.77191 0.00682 0.21925 0.00202 ( 1)
 950 D   0.77604 0.00270 0.22045 0.00080 ( 1)
 951 V   0.77195 0.00678 0.21927 0.00201 ( 1)
 952 V   0.77100 0.00773 0.21898 0.00229 ( 1)
 953 N   0.77412 0.00461 0.21990 0.00137 ( 1)
 954 Q   0.77191 0.00682 0.21925 0.00202 ( 1)
 955 N   0.77681 0.00194 0.22068 0.00058 ( 1)
 956 A   0.77314 0.00560 0.21961 0.00166 ( 1)
 957 Q   0.76955 0.00918 0.21855 0.00272 ( 1)
 958 A   0.77637 0.00237 0.22055 0.00070 ( 1)
 959 L   0.77165 0.00708 0.21917 0.00210 ( 1)
 960 N   0.77229 0.00644 0.21936 0.00191 ( 1)
 961 T   0.76834 0.01039 0.21820 0.00307 ( 1)
 962 L   0.77614 0.00260 0.22049 0.00077 ( 1)
 963 V   0.77520 0.00355 0.22020 0.00105 ( 1)
 964 K   0.77521 0.00353 0.22022 0.00104 ( 1)
 965 Q   0.77191 0.00682 0.21925 0.00202 ( 1)
 966 L   0.77614 0.00260 0.22049 0.00077 ( 1)
 967 S   0.77328 0.00545 0.21966 0.00161 ( 1)
 968 S   0.76693 0.01180 0.21778 0.00349 ( 1)
 969 N   0.77681 0.00194 0.22068 0.00058 ( 1)
 970 F   0.77666 0.00209 0.22064 0.00062 ( 1)
 971 G   0.77284 0.00590 0.21951 0.00175 ( 1)
 972 A   0.77558 0.00315 0.22033 0.00093 ( 1)
 973 I   0.77638 0.00237 0.22055 0.00070 ( 1)
 974 S   0.76924 0.00949 0.21846 0.00281 ( 1)
 975 S   0.77603 0.00272 0.22045 0.00080 ( 1)
 976 V   0.76816 0.01058 0.21812 0.00313 ( 1)
 977 L   0.75820 0.02053 0.21520 0.00607 ( 1)
 978 N   0.77681 0.00194 0.22068 0.00058 ( 1)
 979 D   0.77684 0.00191 0.22069 0.00056 ( 1)
 980 I   0.77304 0.00569 0.21959 0.00169 ( 1)
 981 L   0.77614 0.00260 0.22049 0.00077 ( 1)
 982 S   0.02327 0.00781 0.95613 0.01279 ( 3)
 983 R   0.77481 0.00392 0.22010 0.00116 ( 1)
 984 L   0.77492 0.00383 0.22013 0.00113 ( 1)
 985 D   0.77212 0.00661 0.21931 0.00196 ( 1)
 986 K   0.77521 0.00353 0.22022 0.00104 ( 1)
 987 V   0.77618 0.00256 0.22050 0.00076 ( 1)
 988 E   0.77088 0.00785 0.21895 0.00232 ( 1)
 989 A   0.77637 0.00237 0.22055 0.00070 ( 1)
 990 E   0.77511 0.00363 0.22019 0.00107 ( 1)
 991 V   0.76404 0.01469 0.21693 0.00435 ( 1)
 992 Q   0.77078 0.00795 0.21891 0.00235 ( 1)
 993 I   0.77638 0.00237 0.22055 0.00070 ( 1)
 994 D   0.77590 0.00284 0.22041 0.00084 ( 1)
 995 R   0.76782 0.01091 0.21804 0.00323 ( 1)
 996 L   0.76821 0.01052 0.21816 0.00311 ( 1)
 997 I   0.77007 0.00866 0.21871 0.00256 ( 1)
 998 T   0.77320 0.00553 0.21963 0.00164 ( 1)
 999 G   0.76934 0.00938 0.21850 0.00278 ( 1)
1000 R   0.77388 0.00486 0.21983 0.00144 ( 1)
1001 L   0.77438 0.00436 0.21997 0.00129 ( 1)
1002 Q   0.76955 0.00918 0.21855 0.00272 ( 1)
1003 S   0.77603 0.00272 0.22045 0.00080 ( 1)
1004 L   0.73623 0.04250 0.20872 0.01255 ( 1)
1005 Q   0.76746 0.01127 0.21794 0.00333 ( 1)
1006 T   0.77431 0.00442 0.21996 0.00131 ( 1)
1007 Y   0.77590 0.00284 0.22042 0.00084 ( 1)
1008 V   0.76404 0.01469 0.21693 0.00435 ( 1)
1009 T   0.77565 0.00309 0.22034 0.00091 ( 1)
1010 Q   0.77191 0.00682 0.21925 0.00202 ( 1)
1011 Q   0.77191 0.00682 0.21925 0.00202 ( 1)
1012 L   0.77165 0.00708 0.21917 0.00210 ( 1)
1013 I   0.77551 0.00324 0.22030 0.00096 ( 1)
1014 R   0.77388 0.00486 0.21983 0.00144 ( 1)
1015 A   0.77562 0.00312 0.22033 0.00092 ( 1)
1016 A   0.77314 0.00560 0.21961 0.00166 ( 1)
1017 E   0.77511 0.00363 0.22019 0.00107 ( 1)
1018 I   0.77007 0.00866 0.21871 0.00256 ( 1)
1019 R   0.77388 0.00486 0.21983 0.00144 ( 1)
1020 A   0.77637 0.00237 0.22055 0.00070 ( 1)
1021 S   0.77590 0.00284 0.22042 0.00084 ( 1)
1022 A   0.77519 0.00355 0.22020 0.00105 ( 1)
1023 N   0.77681 0.00194 0.22068 0.00058 ( 1)
1024 L   0.77614 0.00260 0.22049 0.00077 ( 1)
1025 A   0.77637 0.00237 0.22055 0.00070 ( 1)
1026 A   0.77562 0.00312 0.22033 0.00092 ( 1)
1027 T   0.77565 0.00309 0.22034 0.00091 ( 1)
1028 K   0.77521 0.00353 0.22022 0.00104 ( 1)
1029 M   0.77506 0.00367 0.22018 0.00109 ( 1)
1030 S   0.77205 0.00668 0.21929 0.00198 ( 1)
1031 E   0.77088 0.00785 0.21895 0.00232 ( 1)
1032 C   0.77384 0.00490 0.21981 0.00145 ( 1)
1033 V   0.77314 0.00560 0.21961 0.00166 ( 1)
1034 L   0.76955 0.00919 0.21854 0.00272 ( 1)
1035 G   0.77180 0.00693 0.21922 0.00205 ( 1)
1036 Q   0.77191 0.00682 0.21925 0.00202 ( 1)
1037 S   0.77205 0.00668 0.21929 0.00198 ( 1)
1038 K   0.77521 0.00353 0.22022 0.00104 ( 1)
1039 R   0.77388 0.00486 0.21983 0.00144 ( 1)
1040 V   0.77618 0.00256 0.22050 0.00076 ( 1)
1041 D   0.77684 0.00191 0.22069 0.00056 ( 1)
1042 F   0.77666 0.00209 0.22064 0.00062 ( 1)
1043 C   0.77588 0.00286 0.22042 0.00085 ( 1)
1044 G   0.77180 0.00693 0.21922 0.00205 ( 1)
1045 K   0.77398 0.00475 0.21986 0.00141 ( 1)
1046 G   0.76740 0.01133 0.21792 0.00335 ( 1)
1047 Y   0.77450 0.00424 0.22000 0.00125 ( 1)
1048 H   0.77663 0.00211 0.22063 0.00063 ( 1)
1049 L   0.76390 0.01484 0.21687 0.00439 ( 1)
1050 M   0.77506 0.00367 0.22018 0.00109 ( 1)
1051 S   0.77427 0.00446 0.21995 0.00132 ( 1)
1052 F   0.77080 0.00793 0.21892 0.00235 ( 1)
1053 P   0.77584 0.00290 0.22040 0.00086 ( 1)
1054 Q   0.76746 0.01127 0.21794 0.00333 ( 1)
1055 S   0.76900 0.00973 0.21839 0.00288 ( 1)
1056 A   0.77314 0.00560 0.21961 0.00166 ( 1)
1057 P   0.77319 0.00555 0.21962 0.00164 ( 1)
1058 H   0.77663 0.00211 0.22063 0.00063 ( 1)
1059 G   0.77643 0.00231 0.22057 0.00068 ( 1)
1060 V   0.77426 0.00447 0.21994 0.00132 ( 1)
1061 V   0.77247 0.00626 0.21942 0.00185 ( 1)
1062 F   0.77080 0.00793 0.21892 0.00235 ( 1)
1063 L   0.76746 0.01127 0.21794 0.00333 ( 1)
1064 H   0.77663 0.00211 0.22063 0.00063 ( 1)
1065 V   0.77072 0.00800 0.21891 0.00237 ( 1)
1066 T   0.77572 0.00302 0.22036 0.00089 ( 1)
1067 Y   0.77590 0.00284 0.22042 0.00084 ( 1)
1068 V   0.77100 0.00773 0.21898 0.00229 ( 1)
1069 P   0.77584 0.00290 0.22040 0.00086 ( 1)
1070 A   0.77314 0.00560 0.21961 0.00166 ( 1)
1071 Q   0.77191 0.00682 0.21925 0.00202 ( 1)
1072 E   0.77511 0.00363 0.22019 0.00107 ( 1)
1073 K   0.77124 0.00749 0.21905 0.00222 ( 1)
1074 N   0.77229 0.00644 0.21936 0.00191 ( 1)
1075 F   0.77333 0.00540 0.21967 0.00160 ( 1)
1076 T   0.77431 0.00442 0.21996 0.00131 ( 1)
1077 T   0.77635 0.00239 0.22055 0.00071 ( 1)
1078 A   0.77637 0.00237 0.22055 0.00070 ( 1)
1079 P   0.77584 0.00290 0.22040 0.00086 ( 1)
1080 A   0.77242 0.00631 0.21940 0.00187 ( 1)
1081 I   0.77638 0.00237 0.22055 0.00070 ( 1)
1082 C   0.77588 0.00286 0.22042 0.00085 ( 1)
1083 H   0.77663 0.00211 0.22063 0.00063 ( 1)
1084 D   0.73962 0.03913 0.20969 0.01156 ( 1)
1085 G   0.77180 0.00693 0.21922 0.00205 ( 1)
1086 K   0.77521 0.00353 0.22022 0.00104 ( 1)
1087 A   0.77314 0.00560 0.21961 0.00166 ( 1)
1088 H   0.76960 0.00913 0.21857 0.00270 ( 1)
1089 F   0.77553 0.00322 0.22030 0.00095 ( 1)
1090 P   0.77524 0.00350 0.22022 0.00104 ( 1)
1091 R   0.77481 0.00392 0.22010 0.00116 ( 1)
1092 E   0.77511 0.00363 0.22019 0.00107 ( 1)
1093 G   0.77643 0.00231 0.22057 0.00068 ( 1)
1094 V   0.77135 0.00738 0.21909 0.00218 ( 1)
1095 F   0.77267 0.00608 0.21946 0.00180 ( 1)
1096 V   0.77618 0.00256 0.22050 0.00076 ( 1)
1097 S   0.76900 0.00973 0.21839 0.00288 ( 1)
1098 N   0.77681 0.00194 0.22068 0.00058 ( 1)
1099 G   0.76740 0.01133 0.21792 0.00335 ( 1)
1100 T   0.77431 0.00442 0.21996 0.00131 ( 1)
1101 H   0.77273 0.00600 0.21949 0.00178 ( 1)
1102 W   0.76278 0.01594 0.21656 0.00472 ( 1)
1103 F   0.77666 0.00209 0.22064 0.00062 ( 1)
1104 V   0.72552 0.05321 0.20556 0.01571 ( 1)
1105 T   0.77320 0.00553 0.21963 0.00164 ( 1)
1106 Q   0.77191 0.00682 0.21925 0.00202 ( 1)
1107 R   0.76782 0.01091 0.21804 0.00323 ( 1)
1108 N   0.77681 0.00194 0.22068 0.00058 ( 1)
1109 F   0.77666 0.00209 0.22064 0.00062 ( 1)
1110 Y   0.77590 0.00284 0.22042 0.00084 ( 1)
1111 E   0.77511 0.00363 0.22019 0.00107 ( 1)
1112 P   0.77305 0.00568 0.21959 0.00168 ( 1)
1113 Q   0.77191 0.00682 0.21925 0.00202 ( 1)
1114 I   0.77501 0.00372 0.22017 0.00110 ( 1)
1115 I   0.77638 0.00237 0.22055 0.00070 ( 1)
1116 T   0.77260 0.00615 0.21944 0.00182 ( 1)
1117 T   0.77431 0.00442 0.21996 0.00131 ( 1)
1118 D   0.02341 0.00521 0.96269 0.00869 ( 3)
1119 N   0.77229 0.00644 0.21936 0.00191 ( 1)
1120 T   0.77320 0.00553 0.21963 0.00164 ( 1)
1121 F   0.77553 0.00322 0.22030 0.00095 ( 1)
1122 V   0.76868 0.01004 0.21830 0.00297 ( 1)
1123 S   0.77590 0.00284 0.22042 0.00084 ( 1)
1124 G   0.77643 0.00231 0.22057 0.00068 ( 1)
1125 N   0.62353 0.15521 0.17570 0.04556 ( 1)
1126 C   0.77588 0.00286 0.22042 0.00085 ( 1)
1127 D   0.77684 0.00191 0.22069 0.00056 ( 1)
1128 V   0.77618 0.00256 0.22050 0.00076 ( 1)
1129 V   0.77314 0.00560 0.21961 0.00166 ( 1)
1130 I   0.77469 0.00405 0.22007 0.00120 ( 1)
1131 G   0.77180 0.00693 0.21922 0.00205 ( 1)
1132 I   0.77581 0.00294 0.22038 0.00087 ( 1)
1133 V   0.76886 0.00987 0.21835 0.00292 ( 1)
1134 N   0.77229 0.00644 0.21936 0.00191 ( 1)
1135 N   0.77229 0.00644 0.21936 0.00191 ( 1)
1136 T   0.77320 0.00553 0.21963 0.00164 ( 1)
1137 V   0.77618 0.00256 0.22050 0.00076 ( 1)
1138 Y   0.77590 0.00284 0.22042 0.00084 ( 1)
1139 D   0.77684 0.00191 0.22069 0.00056 ( 1)
1140 P   0.77584 0.00290 0.22040 0.00086 ( 1)
1141 L   0.76746 0.01127 0.21794 0.00333 ( 1)
1142 Q   0.77191 0.00682 0.21925 0.00202 ( 1)
1143 P   0.77213 0.00661 0.21931 0.00196 ( 1)
1144 E   0.77368 0.00506 0.21976 0.00150 ( 1)
1145 L   0.76247 0.01626 0.21646 0.00481 ( 1)
1146 D   0.77354 0.00519 0.21973 0.00154 ( 1)
1147 S   0.76900 0.00973 0.21839 0.00288 ( 1)
1148 F   0.77333 0.00540 0.21967 0.00160 ( 1)
1149 K   0.77124 0.00749 0.21905 0.00222 ( 1)
1150 E   0.77088 0.00785 0.21895 0.00232 ( 1)
1151 E   0.77088 0.00785 0.21895 0.00232 ( 1)
1152 L   0.77050 0.00823 0.21883 0.00244 ( 1)
1153 D   0.77604 0.00270 0.22045 0.00080 ( 1)
1154 K   0.77521 0.00353 0.22022 0.00104 ( 1)
1155 Y   0.77029 0.00845 0.21876 0.00250 ( 1)
1156 F   0.77553 0.00322 0.22030 0.00095 ( 1)
1157 K   0.77398 0.00475 0.21986 0.00141 ( 1)
1158 N   0.77681 0.00194 0.22068 0.00058 ( 1)
1159 H   0.77514 0.00360 0.22019 0.00107 ( 1)
1160 T   0.77320 0.00553 0.21963 0.00164 ( 1)
1161 S   0.76900 0.00973 0.21839 0.00288 ( 1)
1162 P   0.77220 0.00653 0.21934 0.00193 ( 1)
1163 D   0.77684 0.00191 0.22069 0.00056 ( 1)
1164 V   0.77555 0.00319 0.22031 0.00095 ( 1)
1165 D   0.77684 0.00191 0.22069 0.00056 ( 1)
1166 L   0.75820 0.02053 0.21520 0.00607 ( 1)
1167 G   0.77473 0.00401 0.22007 0.00119 ( 1)
1168 D   0.77212 0.00661 0.21931 0.00196 ( 1)
1169 I   0.77380 0.00493 0.21981 0.00146 ( 1)
1170 S   0.77590 0.00284 0.22042 0.00084 ( 1)
1171 G   0.76740 0.01133 0.21792 0.00335 ( 1)
1172 I   0.77581 0.00294 0.22038 0.00087 ( 1)
1173 N   0.77681 0.00194 0.22068 0.00058 ( 1)
1174 A   0.77637 0.00237 0.22055 0.00070 ( 1)
1175 S   0.76689 0.01184 0.21777 0.00350 ( 1)
1176 V   0.77520 0.00355 0.22020 0.00105 ( 1)
1177 V   0.77038 0.00836 0.21879 0.00247 ( 1)
1178 N   0.77368 0.00505 0.21977 0.00150 ( 1)
1179 I   0.77581 0.00294 0.22038 0.00087 ( 1)
1180 Q   0.77191 0.00682 0.21925 0.00202 ( 1)
1181 K   0.77421 0.00453 0.21992 0.00134 ( 1)
1182 E   0.77511 0.00363 0.22019 0.00107 ( 1)
1183 I   0.77638 0.00237 0.22055 0.00070 ( 1)
1184 D   0.77212 0.00661 0.21931 0.00196 ( 1)
1185 R   0.76368 0.01504 0.21683 0.00445 ( 1)
1186 L   0.76690 0.01183 0.21777 0.00350 ( 1)
1187 N   0.77681 0.00194 0.22068 0.00058 ( 1)
1188 E   0.77088 0.00785 0.21895 0.00232 ( 1)
1189 V   0.77618 0.00256 0.22050 0.00076 ( 1)
1190 A   0.76850 0.01022 0.21825 0.00303 ( 1)
1191 K   0.77398 0.00475 0.21986 0.00141 ( 1)
1192 N   0.77681 0.00194 0.22068 0.00058 ( 1)
1193 L   0.76880 0.00993 0.21833 0.00294 ( 1)
1194 N   0.77681 0.00194 0.22068 0.00058 ( 1)
1195 E   0.77511 0.00363 0.22019 0.00107 ( 1)
1196 S   0.77445 0.00429 0.21999 0.00127 ( 1)
1197 L   0.76690 0.01183 0.21777 0.00350 ( 1)
1198 I   0.77304 0.00569 0.21959 0.00169 ( 1)
1199 D   0.77604 0.00270 0.22045 0.00080 ( 1)
1200 L   0.76769 0.01103 0.21801 0.00326 ( 1)
1201 Q   0.77191 0.00682 0.21925 0.00202 ( 1)
1202 E   0.77368 0.00506 0.21976 0.00150 ( 1)
1203 L   0.77614 0.00260 0.22049 0.00077 ( 1)
1204 G   0.77180 0.00693 0.21922 0.00205 ( 1)
1205 K   0.77227 0.00646 0.21936 0.00191 ( 1)
1206 Y   0.77590 0.00284 0.22042 0.00084 ( 1)
1207 E   0.77151 0.00722 0.21913 0.00214 ( 1)
1208 Q   0.76746 0.01127 0.21794 0.00333 ( 1)
1209 Y   0.77450 0.00424 0.22000 0.00125 ( 1)
1210 I   0.77319 0.00555 0.21962 0.00164 ( 1)
1211 K   0.77521 0.00353 0.22022 0.00104 ( 1)
1212 W   0.76278 0.01594 0.21656 0.00472 ( 1)
1213 P   0.77305 0.00568 0.21959 0.00168 ( 1)
1214 W   0.76278 0.01594 0.21656 0.00472 ( 1)
1215 Y   0.76728 0.01145 0.21789 0.00339 ( 1)
1216 I   0.77638 0.00237 0.22055 0.00070 ( 1)
1217 W   0.76278 0.01594 0.21656 0.00472 ( 1)
1218 L   0.77175 0.00698 0.21921 0.00206 ( 1)
1219 G   0.77643 0.00231 0.22057 0.00068 ( 1)
1220 F   0.77666 0.00209 0.22064 0.00062 ( 1)
1221 I   0.77415 0.00459 0.21990 0.00136 ( 1)
1222 A   0.77637 0.00237 0.22055 0.00070 ( 1)
1223 G   0.76661 0.01211 0.21769 0.00358 ( 1)
1224 L   0.76609 0.01263 0.21754 0.00374 ( 1)
1225 I   0.77638 0.00237 0.22055 0.00070 ( 1)
1226 A   0.77242 0.00631 0.21940 0.00187 ( 1)
1227 I   0.77319 0.00555 0.21962 0.00164 ( 1)
1228 V   0.65974 0.11900 0.18626 0.03500 ( 1)
1229 M   0.77506 0.00367 0.22018 0.00109 ( 1)
1230 V   0.76868 0.01004 0.21830 0.00297 ( 1)
1231 T   0.77188 0.00685 0.21924 0.00203 ( 1)
1232 I   0.77551 0.00324 0.22030 0.00096 ( 1)
1233 M   0.77506 0.00367 0.22018 0.00109 ( 1)
1234 L   0.77438 0.00436 0.21997 0.00129 ( 1)
1235 C   0.77089 0.00784 0.21895 0.00232 ( 1)
1236 C   0.77588 0.00286 0.22042 0.00085 ( 1)
1237 M   0.77506 0.00367 0.22018 0.00109 ( 1)
1238 T   0.77249 0.00624 0.21943 0.00185 ( 1)
1239 S   0.77699 0.00175 0.22074 0.00052 ( 1)
1240 C   0.76632 0.01241 0.21760 0.00367 ( 1)
1241 C   0.77472 0.00402 0.22007 0.00119 ( 1)
1242 S   0.77699 0.00175 0.22074 0.00052 ( 1)
1243 C   0.77384 0.00490 0.21981 0.00145 ( 1)
1244 L   0.76690 0.01183 0.21777 0.00350 ( 1)
1245 K   0.77124 0.00749 0.21905 0.00222 ( 1)
1246 G   0.77187 0.00686 0.21924 0.00203 ( 1)
1247 C   0.77588 0.00286 0.22042 0.00085 ( 1)
1248 C   0.77384 0.00490 0.21981 0.00145 ( 1)
1249 S   0.77590 0.00284 0.22042 0.00084 ( 1)
1250 C   0.76863 0.01010 0.21827 0.00299 ( 1)
1251 G   0.77351 0.00522 0.21972 0.00155 ( 1)
1252 S   0.76931 0.00942 0.21849 0.00279 ( 1)
1253 C   0.76632 0.01241 0.21760 0.00367 ( 1)
1254 C   0.76632 0.01241 0.21760 0.00367 ( 1)
1255 K   0.77521 0.00353 0.22022 0.00104 ( 1)
1256 F   0.77666 0.00209 0.22064 0.00062 ( 1)
1257 D   0.77684 0.00191 0.22069 0.00056 ( 1)
1258 E   0.77511 0.00363 0.22019 0.00107 ( 1)
1259 D   0.77212 0.00661 0.21931 0.00196 ( 1)
1260 D   0.77406 0.00467 0.21989 0.00138 ( 1)
1261 S   0.77445 0.00429 0.21999 0.00127 ( 1)
1262 E   0.77202 0.00671 0.21928 0.00199 ( 1)
1263 P   0.77305 0.00568 0.21959 0.00168 ( 1)
1264 V   0.77072 0.00800 0.21891 0.00237 ( 1)
1265 L   0.76526 0.01346 0.21729 0.00398 ( 1)
1266 K   0.77521 0.00353 0.22022 0.00104 ( 1)
1267 G   0.77180 0.00693 0.21922 0.00205 ( 1)
1268 V   0.76886 0.00987 0.21835 0.00292 ( 1)
1269 K   0.77521 0.00353 0.22022 0.00104 ( 1)
1270 L   0.77165 0.00708 0.21917 0.00210 ( 1)
1271 H   0.77663 0.00211 0.22063 0.00063 ( 1)
1272 Y   0.76728 0.01145 0.21789 0.00339 ( 1)
1273 T   0.77320 0.00553 0.21963 0.00164 ( 1)