

TREE # 1

  0  0.0000   9492.764538  x:  0.02065   0.05124   0.05310   0.04215   0.03205   0.01925   0.08355   0.01985   0.05929   0.04310   0.02286   0.07287   0.09092   0.06282   0.01715   0.06802   0.04499   2.00000   1.40191   0.15440   0.23607   2.23170  
  1 99.0000   8224.081064  x:  0.00000   0.03089   0.03279   0.02315   0.01377   0.10583   0.09659   0.38948   0.03910   0.02341   0.00311   0.05505   0.07213   0.04389   0.00474   0.04922   0.02634   2.00018   1.40351   0.15286   0.21979   2.23185  
  2 20538.0265   8173.677058  x:  0.00000   0.02641   0.02843   0.01897   0.00974   0.10586   0.09762   0.38945   0.03473   0.01928   0.00000   0.05108   0.06787   0.03960   0.00631   0.04516   0.02239   2.00024   1.40386   0.15253   0.21532   2.23187  
  3 3653.9779   8056.136181  x:  0.00000   0.01555   0.01786   0.00884   0.00000   0.10597   0.10012   0.38949   0.02412   0.00928   0.00011   0.04146   0.05752   0.02918   0.01000   0.03532   0.01280   2.00037   1.40469   0.15175   0.20448   2.23191  
  4 79332.1156   7968.323136  x:  0.00000   0.00592   0.00850   0.00000   0.00030   0.10606   0.10231   0.38952   0.01473   0.00048   0.00017   0.03293   0.04834   0.01994   0.01293   0.02659   0.00431   2.00049   1.40543   0.15105   0.19491   2.23195  
  5 41677.8519   7964.999191  x:  0.00000   0.00538   0.00797   0.00010   0.00031   0.10606   0.10244   0.38952   0.01419   0.00013   0.00017   0.03244   0.04782   0.01941   0.01308   0.02609   0.00383   2.00049   1.40547   0.15101   0.19437   2.23195  
  6 24074.0576   7929.970895  x:  0.00000   0.00098   0.00372   0.00019   0.00035   0.10609   0.10342   0.38955   0.00990   0.00018   0.00019   0.02854   0.04360   0.01516   0.01424   0.02209   0.00000   2.00055   1.40581   0.15069   0.19002   2.23196  
  7 56973.3840   7922.442387  x:  0.00000   0.00000   0.00280   0.00020   0.00035   0.10610   0.10363   0.38956   0.00896   0.00019   0.00020   0.02768   0.04267   0.01422   0.01448   0.02122   0.00003   2.00056   1.40589   0.15062   0.18906   2.23197  
  8 29489.1741   7871.085734  x:  0.00000   0.00000   0.00131   0.00016   0.00021   0.10589   0.10525   0.38945   0.00000   0.00010   0.00015   0.01868   0.03205   0.00353   0.01158   0.01190   0.00001   2.00069   1.40683   0.14970   0.17943   2.23198  
  9 16369.8066   7855.005357  x:  0.00000   0.00000   0.00056   0.00015   0.00017   0.10583   0.10581   0.38943   0.00001   0.00008   0.00014   0.01570   0.02855   0.00000   0.01080   0.00881   0.00001   2.00074   1.40714   0.14940   0.17622   2.23198  
 10 16287.3499   7826.756431  x:  0.00000   0.00000   0.00076   0.00019   0.00019   0.10582   0.10774   0.38952   0.00001   0.00008   0.00016   0.00721   0.01869   0.00000   0.01197   0.00000   0.00003   2.00086   1.40796   0.14861   0.16658   2.23201  
 11 38442.6430   7811.519498  x:  0.00000   0.00000   0.00079   0.00021   0.00021   0.10579   0.10910   0.38958   0.00001   0.00008   0.00018   0.00109   0.01156   0.00000   0.01249   0.00001   0.00002   2.00095   1.40856   0.14803   0.15966   2.23203  
 12 7552.8077   7787.829256  x:  0.00000   0.00000   0.00053   0.00023   0.00022   0.10577   0.11127   0.38966   0.00001   0.00009   0.00019   0.00103   0.00000   0.00000   0.01283   0.00001   0.00001   2.00109   1.40954   0.14709   0.14843   2.23206  
 13 5462.7025   7767.271813  x:  0.00000   0.00000   0.00026   0.00025   0.00023   0.10635   0.11628   0.38957   0.00000   0.00009   0.00020   0.00082   0.00000   0.00000   0.01218   0.00001   0.00001   2.00127   1.41092   0.14580   0.12769   2.23217  
 14 12591.5320   7767.271813  x:  0.00000   0.00000   0.00026   0.00025   0.00023   0.10635   0.11628   0.38957   0.00000   0.00009   0.00020   0.00082   0.00000   0.00000   0.01218   0.00001   0.00001   2.00127   1.41092   0.14580   0.12769   2.23217  
 15 141698.8492   7753.084091  x:  0.00000   0.00000   0.00029   0.00030   0.00029   0.10635   0.11629   0.38958   0.00258   0.00032   0.00024   0.00086   0.00000   0.00000   0.01218   0.00120   0.00103   2.00127   1.41092   0.14580   0.12768   2.23217  
 16 275683.9070   7745.275081  x:  0.00000   0.00000   0.00116   0.00167   0.00188   0.10636   0.11632   0.38966   0.00243   0.00223   0.00137   0.00216   0.00000   0.00000   0.01202   0.00119   0.00106   2.00127   1.41097   0.14576   0.12730   2.23217  
 17 9367.6486   7740.038547  x:  0.00000   0.00000   0.00051   0.00105   0.00147   0.10649   0.11673   0.39068   0.00194   0.00222   0.00023   0.00567   0.00000   0.00000   0.01008   0.00164   0.00177   2.00132   1.41149   0.14523   0.12262   2.23217  
 18 1488.4231   7736.528730  x:  0.00000   0.00000   0.00041   0.00026   0.00075   0.10662   0.11714   0.39171   0.00166   0.00157   0.00132   0.00794   0.00000   0.00000   0.00823   0.00196   0.00224   2.00137   1.41201   0.14471   0.11792   2.23217  
 19 7562.2126   7732.692975  x:  0.00000   0.00000   0.00087   0.00087   0.00058   0.10675   0.11753   0.39269   0.00159   0.00041   0.00151   0.00890   0.00000   0.00000   0.00665   0.00211   0.00242   2.00142   1.41251   0.14421   0.11345   2.23217  
 20 7778.2223   7723.529317  x:  0.00000   0.00000   0.00110   0.00115   0.00000   0.10707   0.11849   0.39511   0.00165   0.00076   0.00144   0.00867   0.00000   0.00000   0.00331   0.00206   0.00226   2.00154   1.41375   0.14296   0.10239   2.23217  
 21 9076.4165   7718.684928  x:  0.00000   0.00000   0.00114   0.00113   0.00004   0.10726   0.11908   0.39658   0.00169   0.00085   0.00140   0.00848   0.00000   0.00000   0.00129   0.00204   0.00217   2.00161   1.41450   0.14221   0.09569   2.23218  
 22 284644.4587   7629.374629  x:  0.00000   0.00000   0.00039   0.00138   0.00000   0.10952   0.12574   0.41332   0.00194   0.00057   0.00163   0.00929   0.00000   0.00000   0.00051   0.00201   0.00164   2.00241   1.42308   0.13360   0.01916   2.23220  
 23 14661.3187   7629.374629  x:  0.00000   0.00000   0.00039   0.00138   0.00000   0.10952   0.12574   0.41332   0.00194   0.00057   0.00163   0.00929   0.00000   0.00000   0.00051   0.00201   0.00164   2.00241   1.42308   0.13360   0.01916   2.23220  
 24 67108727.8236   7617.224147  x:  0.00000   0.00000   0.00067   0.00157   0.00677   0.10954   0.12576   0.41337   0.00185   0.00102   0.00156   0.00917   0.00000   0.00000   0.00278   0.00193   0.00158   2.00242   1.42311   0.13358   0.01894   2.23220  
 25 40214.2349   7607.999929  x:  0.00000   0.00000   0.00221   0.00000   0.00523   0.10980   0.12612   0.41425   0.00043   0.00401   0.00046   0.00711   0.00000   0.00000   0.00777   0.00066   0.00065   2.00243   1.42356   0.13312   0.01529   2.23220  
 26 2645.6515   7607.999929  x:  0.00000   0.00000   0.00221   0.00000   0.00523   0.10980   0.12612   0.41425   0.00043   0.00401   0.00046   0.00711   0.00000   0.00000   0.00777   0.00066   0.00065   2.00243   1.42356   0.13312   0.01529   2.23220  
 27 3230.5306   7604.450338  x:  0.00000   0.00000   0.00103   0.00032   0.00431   0.11000   0.12638   0.41488   0.00329   0.00294   0.00282   0.00594   0.00000   0.00000   0.00769   0.00192   0.00193   2.00244   1.42388   0.13280   0.01275   2.23220  
 28 2502.2381   7597.424193  x:  0.00000   0.00000   0.00012   0.00078   0.00255   0.11039   0.12690   0.41618   0.00325   0.00125   0.00258   0.00383   0.00000   0.00000   0.00754   0.00161   0.00161   2.00245   1.42454   0.13215   0.00754   2.23220  
 29 2196.7396   7594.397702  x:  0.00000   0.00000   0.00034   0.00105   0.00156   0.11062   0.12720   0.41692   0.00330   0.00038   0.00251   0.00266   0.00000   0.00000   0.00746   0.00148   0.00147   2.00246   1.42491   0.13177   0.00458   2.23220  
 30 34409.4892   7590.325649  x:  0.00000   0.00000   0.00042   0.00150   0.00022   0.11096   0.12766   0.41807   0.00342   0.00083   0.00245   0.00115   0.00000   0.00000   0.00735   0.00134   0.00133   2.00247   1.42549   0.13119   0.00000   2.23220  
 31 12337.3888   7590.169879  x:  0.00000   0.00000   0.00043   0.00170   0.00034   0.11110   0.12784   0.41851   0.00345   0.00085   0.00242   0.00097   0.00000   0.00000   0.00731   0.00131   0.00129   2.00248   1.42571   0.13097   0.00000   2.23220  
 32 847.5151   7587.110143  x:  0.00000   0.00000   0.00047   0.00548   0.00000   0.11397   0.13169   0.42814   0.00422   0.00094   0.00195   0.00147   0.00000   0.00000   0.00647   0.00079   0.00075   2.00259   1.43056   0.12611   0.00000   2.23221  
 33 3259.3873   7578.343272  x:  0.00000   0.00000   0.00054   0.00608   0.00002   0.12054   0.14048   0.45031   0.00409   0.00118   0.00019   0.00170   0.00000   0.00000   0.00541   0.00217   0.00242   2.00283   1.44178   0.11486   0.00000   2.23223  
 34 4794.9789   7559.099870  x:  0.00000   0.00000   0.00076   0.00632   0.00024   0.13946   0.16584   0.51453   0.00030   0.00195   0.00219   0.00239   0.00000   0.00000   0.00299   0.00361   0.00453   2.00355   1.47429   0.08225   0.00000   2.23229  
 35 40995.5030   7542.551031  x:  0.00000   0.00000   0.00106   0.00265   0.00095   0.15647   0.18879   0.57402   0.00331   0.00292   0.00219   0.00320   0.00000   0.00000   0.00689   0.00036   0.00157   2.00421   1.50461   0.05185   0.00000   2.23236  
 36 18827.5103   7541.668988  x:  0.00000   0.00000   0.00108   0.00254   0.00098   0.15735   0.19002   0.57760   0.00338   0.00297   0.00219   0.00324   0.00000   0.00000   0.00742   0.00109   0.00071   2.00425   1.50648   0.04997   0.00000   2.23236  
 37 6774.2008   7540.728940  x:  0.00000   0.00000   0.00107   0.00358   0.00087   0.15585   0.18898   0.58225   0.00247   0.00295   0.00231   0.00324   0.00000   0.00000   0.01069   0.00145   0.00185   2.00429   1.50974   0.04670   0.00000   2.23237  
 38 609.8215   7518.572322  x:  0.00000   0.00000   0.00126   0.00347   0.00111   0.09312   0.13463   0.66955   0.00268   0.00362   0.00217   0.00378   0.00000   0.00000   0.00917   0.00121   0.00127   2.00483   1.58228  -0.02627   0.00000   2.23262  
 39 808.7075   7495.288248  x:  0.00000   0.00000   0.00101   0.00340   0.00089   0.13973   0.07716   0.59357   0.00291   0.00283   0.00195   0.00322   0.00000   0.00000   0.00663   0.00118   0.00135   2.00527   1.83900  -0.28570   0.00000   2.23413  
 40 149.2960   7494.579789  x:  0.00000   0.00000   0.00098   0.00339   0.00087   0.14283   0.07325   0.58709   0.00293   0.00276   0.00193   0.00317   0.00000   0.00000   0.00642   0.00118   0.00136   2.00529   1.86048  -0.30740   0.00296   2.23426  
 41 4732.4756   7483.055684  x:  0.00000   0.00000   0.00073   0.00293   0.00067   0.09446   0.12483   0.52929   0.00313   0.00199   0.00184   0.00253   0.00000   0.00000   0.00481   0.00121   0.00152   2.00428   2.01485  -0.46393   0.00742   2.23544  
 42 488.2656   7482.600112  x:  0.00000   0.00000   0.00057   0.00252   0.00051   0.09702   0.12475   0.54278   0.00324   0.00146   0.00185   0.00203   0.00000   0.00000   0.00443   0.00127   0.00167   1.99587   2.01343  -0.46509   0.00760   2.23678  
 43  7.5996   7481.354165  x:  0.00000   0.00000   0.00060   0.00235   0.00054   0.09743   0.12609   0.54448   0.00300   0.00156   0.00182   0.00209   0.00000   0.00000   0.00507   0.00122   0.00155   1.74630   1.98748  -0.52559   0.00828   2.28201  
 44  3.7077   7476.423568  x:  0.00000   0.00000   0.00064   0.00048   0.00064   0.09975   0.12789   0.57903   0.00161   0.00175   0.00166   0.00212   0.00000   0.00000   0.00880   0.00089   0.00079   1.89956   1.76049  -0.86136   0.01004   2.57409  
 45  2.5016   7474.104519  x:  0.00000   0.00000   0.00070   0.00225   0.00078   0.10152   0.12714   0.60509   0.00084   0.00193   0.00146   0.00263   0.00000   0.00000   0.00968   0.00075   0.00043   1.94536   1.41970  -1.31241   0.01114   2.96239  
 46  1.5034   7471.396894  x:  0.00000   0.00000   0.00091   0.00178   0.00106   0.09912   0.12296   0.62592   0.00078   0.00250   0.00112   0.00350   0.00000   0.00000   0.00641   0.00094   0.00166   1.88155   0.72314  -2.17791   0.01091   3.68847  
 47  1.4168   7470.576480  x:  0.00000   0.00000   0.00087   0.00101   0.00118   0.10150   0.12319   0.61192   0.00094   0.00231   0.00082   0.00358   0.00000   0.00000   0.00516   0.00075   0.00107   1.86705   0.37691  -2.58343   0.00994   4.02299  
 48  0.6028   7470.317576  x:  0.00000   0.00000   0.00077   0.00090   0.00115   0.10155   0.12425   0.60518   0.00065   0.00197   0.00075   0.00342   0.00000   0.00000   0.00604   0.00079   0.00093   1.88742   0.22030  -2.76500   0.00989   4.17141  
 49  0.4688   7470.210097  x:  0.00000   0.00000   0.00072   0.00094   0.00116   0.10102   0.12486   0.60473   0.00092   0.00172   0.00079   0.00333   0.00000   0.00000   0.00628   0.00087   0.00083   1.90175   0.09260  -2.90200   0.01021   4.29200  
 50  0.3053   7470.093798  x:  0.00000   0.00000   0.00076   0.00094   0.00128   0.09962   0.12348   0.61250   0.00082   0.00165   0.00083   0.00342   0.00000   0.00000   0.00621   0.00098   0.00091   1.89730  -0.36877  -3.38318   0.01077   4.73915  
 51  0.2973   7469.942282  x:  0.00000   0.00000   0.00086   0.00073   0.00155   0.10415   0.12276   0.60950   0.00080   0.00161   0.00088   0.00357   0.00000   0.00000   0.00608   0.00098   0.00081   1.89807  -1.22992  -4.21902   0.01019   5.57230  
 52  0.5028   7469.864705  x:  0.00000   0.00000   0.00091   0.00067   0.00171   0.09955   0.12351   0.60638   0.00082   0.00154   0.00088   0.00351   0.00000   0.00000   0.00616   0.00092   0.00087   1.89632  -1.83122  -4.80952   0.01014   6.18907  
 53  0.5546   7469.828791  x:  0.00000   0.00000   0.00095   0.00061   0.00185   0.10096   0.12467   0.60632   0.00083   0.00156   0.00085   0.00346   0.00000   0.00000   0.00622   0.00088   0.00094   1.89283  -2.32338  -5.29872   0.01050   6.71186  
 54  0.5802   7469.800111  x:  0.00000   0.00000   0.00098   0.00043   0.00201   0.10104   0.12424   0.60799   0.00083   0.00158   0.00077   0.00333   0.00000   0.00000   0.00617   0.00085   0.00084   1.89211  -2.96955  -5.94736   0.01035   7.41954  
 55  0.5022   7469.782700  x:  0.00000   0.00000   0.00097   0.00047   0.00210   0.10150   0.12376   0.60914   0.00084   0.00159   0.00080   0.00319   0.00000   0.00000   0.00623   0.00090   0.00092   1.89909  -3.39399  -6.36826   0.01018   7.90888  
 56  0.4966   7469.770564  x:  0.00000   0.00000   0.00093   0.00042   0.00214   0.10106   0.12386   0.60804   0.00083   0.00164   0.00084   0.00309   0.00000   0.00000   0.00618   0.00092   0.00089   1.89272  -3.63074  -6.61633   0.01041   8.22840  
 57  0.2140   7469.762420  x:  0.00000   0.00000   0.00085   0.00043   0.00214   0.10132   0.12389   0.60676   0.00084   0.00169   0.00086   0.00312   0.00000   0.00000   0.00614   0.00090   0.00088   1.89527  -3.62708  -6.61206   0.01029   8.31326  
 58  0.0245   7469.757188  x:  0.00000   0.00000   0.00081   0.00040   0.00219   0.10117   0.12396   0.60827   0.00083   0.00167   0.00083   0.00316   0.00000   0.00000   0.00620   0.00089   0.00090   1.89488  -3.83291  -6.81554   0.01035   8.61171  
 59  0.1583   7469.755366  x:  0.00000   0.00000   0.00083   0.00035   0.00225   0.10124   0.12382   0.60832   0.00083   0.00167   0.00082   0.00318   0.00000   0.00000   0.00619   0.00091   0.00089   1.89413  -4.08718  -7.06565   0.01032   8.92498  
 60  0.1794   7469.753418  x:  0.00000   0.00000   0.00080   0.00035   0.00229   0.10128   0.12396   0.60713   0.00083   0.00166   0.00084   0.00320   0.00000   0.00000   0.00618   0.00092   0.00088   1.89508  -4.35501  -7.33604   0.01033   9.35262  
 61  0.1468   7469.742931  x:  0.00000   0.00000   0.00086   0.00039   0.00228   0.10098   0.12415   0.60782   0.00082   0.00166   0.00085   0.00326   0.00000   0.00000   0.00618   0.00089   0.00091   1.89496  -4.97994  -7.96659   0.01038  10.56956  
 62  0.1883   7469.717628  x:  0.00000   0.00000   0.00088   0.00043   0.00211   0.10098   0.12376   0.60925   0.00085   0.00164   0.00088   0.00326   0.00000   0.00000   0.00622   0.00083   0.00088   1.89204  -7.50716  -10.50760   0.01031  15.89761  
 63  1.2041   7469.687827  x:  0.00000   0.00000   0.00081   0.00041   0.00208   0.10154   0.12360   0.60693   0.00084   0.00167   0.00084   0.00319   0.00000   0.00000   0.00623   0.00094   0.00090   1.89381  -10.35799  -13.33808   0.01035  21.45414  
 64  2.1685   7469.674721  x:  0.00000   0.00000   0.00084   0.00058   0.00188   0.10102   0.12394   0.60782   0.00083   0.00168   0.00082   0.00320   0.00000   0.00000   0.00618   0.00089   0.00089   1.89591  -13.95024  -16.92944   0.01032  28.90524  
 65  3.5881   7469.661857  x:  0.00000   0.00000   0.00082   0.00047   0.00207   0.10106   0.12441   0.60806   0.00083   0.00165   0.00082   0.00319   0.00000   0.00000   0.00612   0.00093   0.00086   1.89576  -24.69845  -27.67564   0.01032  49.04236  
 66  4.4575   7469.651381  x:  0.00000   0.00000   0.00083   0.00050   0.00200   0.10093   0.12423   0.60860   0.00083   0.00166   0.00085   0.00320   0.00000   0.00000   0.00618   0.00088   0.00092   1.89573  -47.10292  -50.08427   0.01032  92.27310  
 67 15.4872   7469.650156  x:  0.00000   0.00000   0.00083   0.00050   0.00199   0.10094   0.12409   0.60861   0.00083   0.00167   0.00086   0.00320   0.00000   0.00000   0.00621   0.00086   0.00094   1.89567  -65.53446  -68.51705   0.01032  127.74108  
 68 138.9897   7469.650156  x:  0.00000   0.00000   0.00083   0.00050   0.00199   0.10094   0.12409   0.60861   0.00083   0.00167   0.00086   0.00320   0.00000   0.00000   0.00621   0.00086   0.00094   1.89567  -65.53446  -68.51705   0.01032  127.74108  
 69 268.3615   7469.646808  x:  0.00000   0.00000   0.00083   0.00050   0.00200   0.10116   0.12395   0.60786   0.00083   0.00166   0.00083   0.00320   0.00000   0.00000   0.00618   0.00090   0.00089   1.89686  -65.58403  -68.56437   0.01033  127.79153  
 70  0.0581   7469.646759  x:  0.00000   0.00000   0.00083   0.00050   0.00200   0.10114   0.12395   0.60782   0.00083   0.00167   0.00083   0.00320   0.00000   0.00000   0.00618   0.00090   0.00089   1.89543  -65.54313  -68.52381   0.01033  127.72630  
 71  0.0774   7469.646759  x:  0.00000   0.00000   0.00083   0.00050   0.00200   0.10114   0.12395   0.60781   0.00083   0.00167   0.00083   0.00320   0.00000   0.00000   0.00618   0.00090   0.00089   1.89534  -65.54045  -68.52123   0.01033  127.72247  
 72  0.0071   7469.646758  x:  0.00000   0.00000   0.00083   0.00050   0.00200   0.10114   0.12395   0.60781   0.00083   0.00167   0.00083   0.00320   0.00000   0.00000   0.00618   0.00090   0.00089   1.89533  -65.54026  -68.52106   0.01033  127.72227  
 73  0.0012   7469.646758  x:  0.00000   0.00000   0.00083   0.00050   0.00200   0.10114   0.12395   0.60781   0.00083   0.00167   0.00083   0.00320   0.00000   0.00000   0.00618   0.00090   0.00089   1.89533  -65.54023  -68.52103   0.01033  127.72227  
 74  0.0004   7469.646758  x:  0.00000   0.00000   0.00083   0.00050   0.00200   0.10114   0.12395   0.60781   0.00083   0.00167   0.00083   0.00320   0.00000   0.00000   0.00618   0.00090   0.00089   1.89533  -65.54022  -68.52103   0.01033  127.72229  
 75  0.0004   7469.646758  x:  0.00000   0.00000   0.00083   0.00050   0.00200   0.10114   0.12395   0.60781   0.00083   0.00167   0.00083   0.00320   0.00000   0.00000   0.00618   0.00090   0.00089   1.89533  -65.54021  -68.52102   0.01033  127.72230  
 76  0.0006   7469.646758  x:  0.00000   0.00000   0.00083   0.00050   0.00200   0.10114   0.12395   0.60781   0.00083   0.00167   0.00083   0.00320   0.00000   0.00000   0.00618   0.00090   0.00089   1.89533  -65.54021  -68.52102   0.01033  127.72233  
 77  0.0007   7469.646758  x:  0.00000   0.00000   0.00083   0.00050   0.00200   0.10114   0.12395   0.60781   0.00083   0.00167   0.00083   0.00320   0.00000   0.00000   0.00618   0.00090   0.00089   1.89533  -65.54020  -68.52101   0.01033  127.72236  
 78  0.0010   7469.646758  x:  0.00000   0.00000   0.00083   0.00050   0.00200   0.10114   0.12395   0.60781   0.00083   0.00167   0.00083   0.00320   0.00000   0.00000   0.00618   0.00090   0.00089   1.89533  -65.54020  -68.52101   0.01033  127.72242  
 79  0.0012   7469.646758  x:  0.00000   0.00000   0.00083   0.00050   0.00200   0.10114   0.12395   0.60781   0.00083   0.00167   0.00083   0.00320   0.00000   0.00000   0.00618   0.00090   0.00089   1.89533  -65.54019  -68.52101   0.01033  127.72248  
 80  0.0015   7469.646758  x:  0.00000   0.00000   0.00083   0.00050   0.00200   0.10114   0.12395   0.60781   0.00083   0.00167   0.00083   0.00320   0.00000   0.00000   0.00618   0.00090   0.00089   1.89533  -65.54019  -68.52101   0.01033  127.72255  
 81  0.0017   7469.646758  x:  0.00000   0.00000   0.00083   0.00050   0.00200   0.10114   0.12395   0.60781   0.00083   0.00167   0.00083   0.00320   0.00000   0.00000   0.00618   0.00090   0.00089   1.89533  -65.54019  -68.52101   0.01033  127.72264  
 82  0.0020   7469.646758  x:  0.00000   0.00000   0.00083   0.00050   0.00200   0.10114   0.12395   0.60781   0.00083   0.00167   0.00083   0.00320   0.00000   0.00000   0.00618   0.00090   0.00089   1.89533  -65.54019  -68.52101   0.01033  127.72272  
 83  0.0023   7469.646758  x:  0.00000   0.00000   0.00083   0.00050   0.00200   0.10114   0.12395   0.60781   0.00083   0.00167   0.00083   0.00320   0.00000   0.00000   0.00618   0.00090   0.00089   1.89532  -65.54019  -68.52102   0.01033  127.72286  
 84  0.0026   7469.646758  x:  0.00000   0.00000   0.00083   0.00050   0.00200   0.10114   0.12395   0.60781   0.00083   0.00167   0.00083   0.00320   0.00000   0.00000   0.00618   0.00090   0.00089   1.89532  -65.54019  -68.52102   0.01033  127.72301  
 85  0.0029   7469.646758  x:  0.00000   0.00000   0.00083   0.00050   0.00200   0.10114   0.12395   0.60781   0.00083   0.00167   0.00083   0.00320   0.00000   0.00000   0.00619   0.00090   0.00089   1.89532  -65.54020  -68.52103   0.01033  127.72317  
 86  0.0032   7469.646758  x:  0.00000   0.00000   0.00083   0.00050   0.00200   0.10114   0.12395   0.60781   0.00083   0.00167   0.00083   0.00320   0.00000   0.00000   0.00619   0.00090   0.00089   1.89532  -65.54020  -68.52104   0.01033  127.72337  
 87  0.0035   7469.646758  x:  0.00000   0.00000   0.00083   0.00050   0.00200   0.10114   0.12395   0.60781   0.00083   0.00167   0.00083   0.00320   0.00000   0.00000   0.00619   0.00090   0.00089   1.89532  -65.54021  -68.52105   0.01033  127.72360  
 88  0.0039   7469.646758  x:  0.00000   0.00000   0.00083   0.00050   0.00200   0.10114   0.12395   0.60781   0.00083   0.00167   0.00083   0.00320   0.00000   0.00000   0.00619   0.00090   0.00089   1.89532  -65.54022  -68.52107   0.01033  127.72387  
 89  0.0043   7469.646758  x:  0.00000   0.00000   0.00083   0.00050   0.00200   0.10114   0.12395   0.60781   0.00083   0.00167   0.00083   0.00320   0.00000   0.00000   0.00619   0.00090   0.00089   1.89532  -65.54024  -68.52108   0.01033  127.72418  
 90  0.0047   7469.646758  x:  0.00000   0.00000   0.00083   0.00050   0.00200   0.10114   0.12395   0.60781   0.00083   0.00167   0.00083   0.00320   0.00000   0.00000   0.00619   0.00090   0.00089   1.89532  -65.54026  -68.52111   0.01033  127.72454  
 91  0.0051   7469.646758  x:  0.00000   0.00000   0.00083   0.00050   0.00200   0.10114   0.12395   0.60781   0.00083   0.00167   0.00083   0.00320   0.00000   0.00000   0.00619   0.00090   0.00089   1.89532  -65.54028  -68.52113   0.01033  127.72496  
 92  0.0056   7469.646758  x:  0.00000   0.00000   0.00083   0.00050   0.00200   0.10114   0.12395   0.60780   0.00083   0.00167   0.00083   0.00320   0.00000   0.00000   0.00619   0.00090   0.00089   1.89532  -65.54031  -68.52116   0.01033  127.72545  
 93  0.0061   7469.646758  x:  0.00000   0.00000   0.00083   0.00050   0.00200   0.10114   0.12395   0.60780   0.00083   0.00167   0.00083   0.00320   0.00000   0.00000   0.00619   0.00090   0.00089   1.89532  -65.54034  -68.52120   0.01033  127.72604  
 94  0.0067   7469.646758  x:  0.00000   0.00000   0.00083   0.00050   0.00200   0.10114   0.12395   0.60780   0.00083   0.00167   0.00083   0.00320   0.00000   0.00000   0.00619   0.00090   0.00089   1.89532  -65.54039  -68.52125   0.01033  127.72672  
 95  0.0072   7469.646758  x:  0.00000   0.00000   0.00083   0.00050   0.00200   0.10114   0.12395   0.60780   0.00083   0.00167   0.00083   0.00320   0.00000   0.00000   0.00619   0.00090   0.00089   1.89532  -65.54044  -68.52131   0.01033  127.72754  
 96  0.0079   7469.646758  x:  0.00000   0.00000   0.00083   0.00050   0.00200   0.10114   0.12395   0.60780   0.00083   0.00167   0.00083   0.00320   0.00000   0.00000   0.00619   0.00090   0.00089   1.89532  -65.54051  -68.52139   0.01033  127.72853  
 97  0.0086   7469.646758  x:  0.00000   0.00000   0.00083   0.00050   0.00200   0.10114   0.12395   0.60780   0.00083   0.00167   0.00083   0.00320   0.00000   0.00000   0.00619   0.00090   0.00089   1.89531  -65.54059  -68.52148   0.01033  127.72973  
 98  0.0094   7469.646758  x:  0.00000   0.00000   0.00083   0.00050   0.00200   0.10114   0.12395   0.60780   0.00083   0.00167   0.00083   0.00320   0.00000   0.00000   0.00619   0.00090   0.00089   1.89531  -65.54070  -68.52159   0.01033  127.73122  
 99  0.0103   7469.646758  x:  0.00000   0.00000   0.00083   0.00050   0.00200   0.10114   0.12395   0.60780   0.00083   0.00167   0.00083   0.00320   0.00000   0.00000   0.00619   0.00090   0.00089   1.89531  -65.54084  -68.52174   0.01033  127.73310  
100  0.0113   7469.646758  x:  0.00000   0.00000   0.00083   0.00050   0.00200   0.10114   0.12395   0.60780   0.00083   0.00167   0.00083   0.00320   0.00000   0.00000   0.00619   0.00090   0.00089   1.89531  -65.54103  -68.52194   0.01033  127.73552  
101  0.0125   7469.646758  x:  0.00000   0.00000   0.00083   0.00050   0.00200   0.10114   0.12395   0.60780   0.00083   0.00167   0.00083   0.00320   0.00000   0.00000   0.00619   0.00090   0.00089   1.89531  -65.54128  -68.52220   0.01033  127.73874  
102  0.0140   7469.646758  x:  0.00000   0.00000   0.00083   0.00050   0.00200   0.10114   0.12395   0.60780   0.00083   0.00167   0.00083   0.00320   0.00000   0.00000   0.00619   0.00090   0.00089   1.89530  -65.54163  -68.52257   0.01033  127.74322  
103  0.0158   7469.646758  x:  0.00000   0.00000   0.00083   0.00050   0.00200   0.10114   0.12395   0.60780   0.00083   0.00167   0.00083   0.00320   0.00000   0.00000   0.00619   0.00090   0.00089   1.89530  -65.54217  -68.52313   0.01033  127.74981  
104  0.0180   7469.646758  x:  0.00000   0.00000   0.00083   0.00050   0.00200   0.10114   0.12395   0.60779   0.00083   0.00167   0.00083   0.00320   0.00000   0.00000   0.00619   0.00090   0.00089   1.89530  -65.54305  -68.52403   0.01033  127.76038  
105  0.0211   7469.646758  x:  0.00000   0.00000   0.00083   0.00050   0.00200   0.10114   0.12395   0.60779   0.00083   0.00167   0.00083   0.00320   0.00000   0.00000   0.00619   0.00090   0.00089   1.89529  -65.54470  -68.52573   0.01033  127.77978  
106  0.0258   7469.646758  x:  0.00000   0.00000   0.00083   0.00050   0.00200   0.10114   0.12395   0.60778   0.00083   0.00167   0.00083   0.00320   0.00000   0.00000   0.00619   0.00090   0.00089   1.89528  -65.54863  -68.52972   0.01033  127.82476  
107  0.0340   7469.646756  x:  0.00000   0.00000   0.00083   0.00050   0.00200   0.10114   0.12395   0.60777   0.00083   0.00167   0.00083   0.00320   0.00000   0.00000   0.00619   0.00090   0.00089   1.89525  -65.56330  -68.54455   0.01033  127.98844  
108  0.0532   7469.646731  x:  0.00000   0.00000   0.00083   0.00050   0.00200   0.10113   0.12394   0.60773   0.00083   0.00167   0.00083   0.00320   0.00000   0.00000   0.00620   0.00090   0.00089   1.89517  -65.65918  -68.64083   0.01033  129.02981  
109  0.1313   7469.646551  x:  0.00000   0.00000   0.00083   0.00051   0.00200   0.10111   0.12393   0.60753   0.00083   0.00168   0.00082   0.00321   0.00000   0.00000   0.00623   0.00091   0.00090   1.89477  -66.96634  -69.95013   0.01033  143.07424  
110  1.7707   7469.646541  x:  0.00000   0.00000   0.00083   0.00051   0.00200   0.10111   0.12394   0.60756   0.00083   0.00168   0.00082   0.00321   0.00000   0.00000   0.00623   0.00091   0.00090   1.89475  -66.73848  -69.72193   0.01033  140.64742  
111 21.7298   7469.646364  x:  0.00000   0.00000   0.00083   0.00051   0.00200   0.10110   0.12393   0.60745   0.00083   0.00168   0.00082   0.00321   0.00000   0.00000   0.00625   0.00091   0.00090   1.89525  -68.28908  -71.27379   0.01033  157.06037  
112 59.9241   7469.646208  x:  0.00000   0.00000   0.00083   0.00051   0.00200   0.10110   0.12392   0.60736   0.00083   0.00168   0.00081   0.00321   0.00000   0.00000   0.00626   0.00091   0.00091   1.89574  -70.43629  -73.42206   0.01033  179.83504  
113 127.9689   7469.646094  x:  0.00000   0.00000   0.00083   0.00051   0.00200   0.10109   0.12391   0.60730   0.00083   0.00169   0.00081   0.00322   0.00000   0.00000   0.00627   0.00091   0.00091   1.89607  -72.57992  -75.56638   0.01033  202.61041  
114 276.5064   7469.645992  x:  0.00000   0.00000   0.00083   0.00050   0.00200   0.10109   0.12391   0.60724   0.00083   0.00169   0.00081   0.00322   0.00000   0.00000   0.00628   0.00091   0.00091   1.89640  -75.60157  -78.58872   0.01033  234.74966  
115 603.5263   7469.645955  x:  0.00000   0.00000   0.00083   0.00050   0.00200   0.10109   0.12390   0.60720   0.00083   0.00169   0.00081   0.00322   0.00000   0.00000   0.00629   0.00091   0.00091   1.89657  -77.82128  -80.80882   0.01033  258.37523  
116 1665.7006   7469.645948  x:  0.00000   0.00000   0.00083   0.00050   0.00200   0.10109   0.12390   0.60719   0.00083   0.00169   0.00081   0.00322   0.00000   0.00000   0.00629   0.00091   0.00091   1.89664  -78.77239  -81.76007   0.01033  268.50108  
117 27769.5976   7469.645948  x:  0.00000   0.00000   0.00083   0.00050   0.00200   0.10109   0.12390   0.60719   0.00083   0.00169   0.00081   0.00322   0.00000   0.00000   0.00629   0.00091   0.00091   1.89664  -78.77239  -81.76007   0.01033  268.50108  
118 6790.1720   7469.644498  x:  0.00000   0.00000   0.00083   0.00050   0.00200   0.10109   0.12390   0.60719   0.00083   0.00167   0.00084   0.00321   0.00000   0.00000   0.00627   0.00090   0.00088   1.89664  -78.77239  -81.76007   0.01034  268.50108  
119 56.6547   7469.643853  x:  0.00000   0.00000   0.00083   0.00050   0.00200   0.10109   0.12390   0.60719   0.00083   0.00165   0.00082   0.00320   0.00000   0.00000   0.00622   0.00090   0.00088   1.89664  -78.77239  -81.76007   0.01036  268.50108  
120 24.6833   7469.643585  x:  0.00000   0.00000   0.00083   0.00050   0.00200   0.10109   0.12390   0.60719   0.00083   0.00166   0.00083   0.00319   0.00000   0.00000   0.00619   0.00090   0.00089   1.89664  -78.77239  -81.76007   0.01037  268.50108  
121 24.8942   7469.643529  x:  0.00000   0.00000   0.00083   0.00050   0.00200   0.10109   0.12390   0.60719   0.00083   0.00167   0.00083   0.00320   0.00000   0.00000   0.00618   0.00090   0.00089   1.89664  -78.77239  -81.76007   0.01037  268.50108  
122 11.2798   7469.643524  x:  0.00000   0.00000   0.00083   0.00050   0.00200   0.10109   0.12390   0.60719   0.00083   0.00166   0.00083   0.00320   0.00000   0.00000   0.00618   0.00090   0.00089   1.89664  -78.77239  -81.76007   0.01037  268.50108  
123  2.0812   7469.643523  x:  0.00000   0.00000   0.00083   0.00050   0.00200   0.10109   0.12390   0.60719   0.00083   0.00166   0.00083   0.00320   0.00000   0.00000   0.00618   0.00090   0.00089   1.89664  -78.77239  -81.76007   0.01037  268.50108  
124  0.8210   7469.643523  x:  0.00000   0.00000   0.00083   0.00050   0.00200   0.10109   0.12390   0.60719   0.00083   0.00166   0.00083   0.00320   0.00000   0.00000   0.00618   0.00090   0.00089   1.89664  -78.77239  -81.76007   0.01037  268.50108  
125 52.9336   7469.643520  x:  0.00000   0.00000   0.00083   0.00050   0.00200   0.10109   0.12390   0.60720   0.00083   0.00166   0.00083   0.00320   0.00000   0.00000   0.00618   0.00090   0.00089   1.89663  -78.77240  -81.76006   0.01037  268.50108  
126  0.5278   7469.643518  x:  0.00000   0.00000   0.00083   0.00050   0.00200   0.10109   0.12389   0.60721   0.00083   0.00166   0.00083   0.00320   0.00000   0.00000   0.00618   0.00090   0.00089   1.89663  -78.77240  -81.76005   0.01037  268.50108  
127  7.7737   7469.643483  x:  0.00000   0.00000   0.00083   0.00050   0.00200   0.10110   0.12385   0.60734   0.00083   0.00166   0.00083   0.00320   0.00000   0.00000   0.00618   0.00090   0.00088   1.89660  -78.77250  -81.75995   0.01036  268.50108  
128  7.0561   7469.643376  x:  0.00000   0.00000   0.00083   0.00050   0.00200   0.10113   0.12374   0.60772   0.00083   0.00166   0.00083   0.00320   0.00000   0.00000   0.00618   0.00090   0.00089   1.89649  -78.77281  -81.75965   0.01036  268.50108  
129 196.1461   7469.643365  x:  0.00000   0.00000   0.00083   0.00050   0.00200   0.10114   0.12374   0.60776   0.00083   0.00166   0.00083   0.00320   0.00000   0.00000   0.00618   0.00090   0.00089   1.89648  -78.77284  -81.75962   0.01036  268.50108  
130  2.0921   7469.643301  x:  0.00000   0.00000   0.00083   0.00050   0.00200   0.10123   0.12382   0.60797   0.00083   0.00166   0.00083   0.00320   0.00000   0.00000   0.00618   0.00090   0.00089   1.89641  -78.77306  -81.75940   0.01036  268.50108  
131  8.4947   7469.643177  x:  0.00000   0.00000   0.00083   0.00050   0.00200   0.10101   0.12402   0.60815   0.00083   0.00166   0.00083   0.00320   0.00000   0.00000   0.00618   0.00090   0.00089   1.89623  -78.77365  -81.75882   0.01035  268.50108  
132  0.9273   7469.642796  x:  0.00000   0.00000   0.00083   0.00050   0.00200   0.10114   0.12395   0.60782   0.00083   0.00167   0.00083   0.00320   0.00000   0.00000   0.00618   0.00090   0.00089   1.89557  -78.77584  -81.75665   0.01033  268.50108  
133  1.1078   7469.642794  x:  0.00000   0.00000   0.00083   0.00050   0.00200   0.10114   0.12395   0.60780   0.00083   0.00167   0.00083   0.00320   0.00000   0.00000   0.00618   0.00090   0.00089   1.89522  -78.77583  -81.75673   0.01033  268.50108  
134  0.0105   7469.642793  x:  0.00000   0.00000   0.00083   0.00050   0.00200   0.10114   0.12395   0.60780   0.00083   0.00166   0.00083   0.00320   0.00000   0.00000   0.00618   0.00090   0.00089   1.89523  -78.77628  -81.75717   0.01033  268.50108  
135  0.0015   7469.642793  x:  0.00000   0.00000   0.00083   0.00050   0.00200   0.10114   0.12395   0.60780   0.00083   0.00166   0.00083   0.00320   0.00000   0.00000   0.00619   0.00090   0.00089   1.89522  -78.77757  -81.75845   0.01033  268.50111  
136  0.0018   7469.642793  x:  0.00000   0.00000   0.00083   0.00050   0.00200   0.10114   0.12395   0.60780   0.00083   0.00167   0.00083   0.00320   0.00000   0.00000   0.00619   0.00090   0.00089   1.89522  -78.77872  -81.75959   0.01033  268.50113  
137  0.0106   7469.642793  x:  0.00000   0.00000   0.00083   0.00050   0.00200   0.10114   0.12395   0.60780   0.00083   0.00167   0.00083   0.00320   0.00000   0.00000   0.00619   0.00090   0.00089   1.89522  -78.77938  -81.76025   0.01033  268.50114  
138  0.0149   7469.642793  x:  0.00000   0.00000   0.00083   0.00050   0.00200   0.10114   0.12395   0.60780   0.00083   0.00167   0.00083   0.00320   0.00000   0.00000   0.00619   0.00090   0.00089   1.89522  -78.77970  -81.76057   0.01033  268.50114  
139  0.0156   7469.642793  x:  0.00000   0.00000   0.00083   0.00050   0.00200   0.10114   0.12395   0.60780   0.00083   0.00167   0.00083   0.00320   0.00000   0.00000   0.00619   0.00090   0.00089   1.89522  -78.77985  -81.76072   0.01033  268.50115  
140  0.0154   7469.642793  x:  0.00000   0.00000   0.00083   0.00050   0.00200   0.10114   0.12395   0.60780   0.00083   0.00167   0.00083   0.00320   0.00000   0.00000   0.00619   0.00090   0.00089   1.89522  -78.77992  -81.76079   0.01033  268.50115  
141  0.0152   7469.642793  x:  0.00000   0.00000   0.00083   0.00050   0.00200   0.10114   0.12395   0.60780   0.00083   0.00167   0.00083   0.00320   0.00000   0.00000   0.00619   0.00090   0.00089   1.89522  -78.77996  -81.76082   0.01033  268.50115  
142  0.0151   7469.642793  x:  0.00000   0.00000   0.00083   0.00050   0.00200   0.10114   0.12395   0.60780   0.00083   0.00167   0.00083   0.00320   0.00000   0.00000   0.00619   0.00090   0.00089   1.89522  -78.77996  -81.76083   0.01033  268.50115  
143  0.0150   7469.642793  x:  0.00000   0.00000   0.00083   0.00050   0.00200   0.10114   0.12395   0.60780   0.00083   0.00167   0.00083   0.00320   0.00000   0.00000   0.00619   0.00090   0.00089   1.89522  -78.77997  -81.76083   0.01033  268.50115  
144  0.0152   7469.642793  x:  0.00000   0.00000   0.00083   0.00050   0.00200   0.10114   0.12395   0.60780   0.00083   0.00167   0.00083   0.00320   0.00000   0.00000   0.00619   0.00090   0.00089   1.89522  -78.77998  -81.76084   0.01033  268.50115  
145  0.0148   7469.642793  x:  0.00000   0.00000   0.00083   0.00050   0.00200   0.10114   0.12395   0.60780   0.00083   0.00167   0.00083   0.00320   0.00000   0.00000   0.00619   0.00090   0.00089   1.89522  -78.77999  -81.76085   0.01033  268.50115  
146  0.0150   7469.642793  x:  0.00000   0.00000   0.00083   0.00050   0.00200   0.10114   0.12395   0.60780   0.00083   0.00167   0.00083   0.00320   0.00000   0.00000   0.00619   0.00090   0.00089   1.89522  -78.77999  -81.76085   0.01033  268.50115  
147  0.0150   7469.642793  x:  0.00000   0.00000   0.00083   0.00050   0.00200   0.10114   0.12395   0.60780   0.00083   0.00167   0.00083   0.00320   0.00000   0.00000   0.00619   0.00090   0.00089   1.89522  -78.77999  -81.76085   0.01033  268.50115  
148  0.0153   7469.642793  x:  0.00000   0.00000   0.00083   0.00050   0.00200   0.10114   0.12395   0.60780   0.00083   0.00167   0.00083   0.00320   0.00000   0.00000   0.00619   0.00090   0.00089   1.89522  -78.77999  -81.76085   0.01033  268.50115  
149  0.0154   7469.642793  x:  0.00000   0.00000   0.00083   0.00050   0.00200   0.10114   0.12395   0.60780   0.00083   0.00167   0.00083   0.00320   0.00000   0.00000   0.00619   0.00090   0.00089   1.89522  -78.77999  -81.76085   0.01033  268.50115  
check convergence!
