Supplemental results for CODEML (seqf: Spropercds.txt  treef: sgene.tree)


MLEs of dN/dS (w) for site classes (K=4)

site class             0        1       2a       2b
proportion       0.73200  0.03970  0.21655  0.01174
background w     0.00908  1.00000  0.00908  1.00000
foreground w     0.00908  1.00000  1.00000  1.00000

Naive Empirical Bayes (NEB) probabilities for 4 classes
(amino acids refer to 1st sequence: lclNC_045512.2_ref_gene_S/1-3717)

   1 M   0.76978 0.00403 0.22500 0.00119 ( 1)
   2 F   0.77278 0.00218 0.22439 0.00065 ( 1)
   3 V   0.77235 0.00267 0.22419 0.00079 ( 1)
   4 F   0.77278 0.00218 0.22439 0.00065 ( 1)
   5 L   0.77167 0.00278 0.22473 0.00082 ( 1)
   6 V   0.77235 0.00267 0.22419 0.00079 ( 1)
   7 L   0.76530 0.00796 0.22438 0.00235 ( 1)
   8 L   0.75976 0.01295 0.22346 0.00383 ( 1)
   9 P   0.76499 0.00819 0.22440 0.00242 ( 1)
  10 L   0.76102 0.01181 0.22367 0.00349 ( 1)
  11 V   0.76166 0.01121 0.22381 0.00332 ( 1)
  12 S   0.77145 0.00303 0.22463 0.00090 ( 1)
  13 S   0.77305 0.00184 0.22457 0.00054 ( 1)
  14 Q   0.75718 0.01536 0.22291 0.00454 ( 1)
  15 C   0.77113 0.00308 0.22488 0.00091 ( 1)
  16 V   0.77235 0.00267 0.22419 0.00079 ( 1)
  17 N   0.77345 0.00199 0.22398 0.00059 ( 1)
  18 L   0.77167 0.00278 0.22473 0.00082 ( 1)
  19 T   0.76749 0.00612 0.22459 0.00181 ( 1)
  20 T   0.76141 0.01143 0.22378 0.00338 ( 1)
  21 R   0.76846 0.00537 0.22458 0.00159 ( 1)
  22 T   0.77286 0.00250 0.22390 0.00074 ( 1)
  23 Q   0.76573 0.00768 0.22431 0.00227 ( 1)
  24 L   0.76551 0.00795 0.22419 0.00235 ( 1)
  25 P   0.75793 0.01477 0.22294 0.00437 ( 1)
  26 P   0.77142 0.00313 0.22453 0.00092 ( 1)
  27 A   0.76761 0.00619 0.22436 0.00183 ( 1)
  28 Y   0.75971 0.01312 0.22329 0.00388 ( 1)
  29 T   0.77286 0.00250 0.22390 0.00074 ( 1)
  30 N   0.77392 0.00198 0.22351 0.00059 ( 1)
  31 S   0.77180 0.00302 0.22428 0.00089 ( 1)
  32 F   0.76429 0.00896 0.22411 0.00265 ( 1)
  33 T   0.76773 0.00611 0.22435 0.00181 ( 1)
  34 R   0.76974 0.00431 0.22468 0.00127 ( 1)
  35 G   0.77247 0.00245 0.22435 0.00072 ( 1)
  36 V   0.77278 0.00266 0.22377 0.00079 ( 1)
  37 Y   0.77190 0.00302 0.22419 0.00089 ( 1)
  38 Y   0.75971 0.01312 0.22329 0.00388 ( 1)
  39 P   0.77142 0.00313 0.22453 0.00092 ( 1)
  40 D   0.76609 0.00739 0.22433 0.00218 ( 1)
  41 K   0.77062 0.00381 0.22444 0.00113 ( 1)
  42 V   0.77278 0.00266 0.22377 0.00079 ( 1)
  43 F   0.76429 0.00896 0.22411 0.00265 ( 1)
  44 R   0.76846 0.00537 0.22458 0.00159 ( 1)
  45 S   0.75926 0.01354 0.22320 0.00401 ( 1)
  46 S   0.76203 0.01106 0.22364 0.00327 ( 1)
  47 V   0.77278 0.00266 0.22377 0.00079 ( 1)
  48 L   0.76551 0.00795 0.22419 0.00235 ( 1)
  49 H   0.77284 0.00223 0.22427 0.00066 ( 1)
  50 S   0.76203 0.01106 0.22364 0.00327 ( 1)
  51 T   0.77286 0.00250 0.22390 0.00074 ( 1)
  52 Q   0.75729 0.01536 0.22281 0.00454 ( 1)
  53 D   0.76609 0.00739 0.22433 0.00218 ( 1)
  54 L   0.75989 0.01295 0.22334 0.00383 ( 1)
  55 F   0.76429 0.00896 0.22411 0.00265 ( 1)
  56 L   0.76551 0.00795 0.22419 0.00235 ( 1)
  57 P   0.77142 0.00313 0.22453 0.00092 ( 1)
  58 F   0.76429 0.00896 0.22411 0.00265 ( 1)
  59 F   0.77319 0.00218 0.22399 0.00064 ( 1)
  60 S   0.75926 0.01354 0.22320 0.00401 ( 1)
  61 N   0.77392 0.00198 0.22351 0.00059 ( 1)
  62 V   0.77278 0.00266 0.22377 0.00079 ( 1)
  63 T   0.77286 0.00250 0.22390 0.00074 ( 1)
  64 W   0.75390 0.01856 0.22206 0.00549 ( 1)
  65 F   0.76429 0.00896 0.22411 0.00265 ( 1)
  66 H   0.77284 0.00223 0.22427 0.00066 ( 1)
  67 A   0.77281 0.00248 0.22397 0.00073 ( 1)
  68 I   0.75629 0.01650 0.22233 0.00488 ( 1)
  69 H   0.73200 0.03970 0.21655 0.01174 ( 1)
  70 V   0.75009 0.02250 0.22075 0.00666 ( 1)
  71 S   0.77180 0.00302 0.22428 0.00089 ( 1)
  72 G   0.75343 0.01901 0.22194 0.00562 ( 1)
  73 T   0.76021 0.01149 0.22490 0.00340 ( 1)
  74 N   0.76968 0.00202 0.22770 0.00060 ( 1)
  75 G   0.77247 0.00245 0.22435 0.00072 ( 1)
  76 T   0.77286 0.00250 0.22390 0.00074 ( 1)
  77 K   0.76484 0.00846 0.22421 0.00250 ( 1)
  78 R   0.76034 0.01252 0.22344 0.00370 ( 1)
  79 F   0.77319 0.00218 0.22399 0.00064 ( 1)
  80 D   0.02999 0.00837 0.95917 0.00248 ( 3)
  81 N   0.76633 0.00719 0.22435 0.00213 ( 1)
  82 P   0.77142 0.00313 0.22453 0.00092 ( 1)
  83 V   0.76182 0.01120 0.22367 0.00331 ( 1)
  84 L   0.76117 0.01181 0.22353 0.00349 ( 1)
  85 P   0.76518 0.00818 0.22422 0.00242 ( 1)
  86 F   0.77319 0.00218 0.22399 0.00064 ( 1)
  87 N   0.77392 0.00198 0.22351 0.00059 ( 1)
  88 D   0.77390 0.00195 0.22358 0.00058 ( 1)
  89 G   0.77247 0.00245 0.22435 0.00072 ( 1)
  90 V   0.77278 0.00266 0.22377 0.00079 ( 1)
  91 Y   0.77190 0.00302 0.22419 0.00089 ( 1)
  92 F   0.77319 0.00218 0.22399 0.00064 ( 1)
  93 A   0.77281 0.00248 0.22397 0.00073 ( 1)
  94 S   0.75926 0.01354 0.22320 0.00401 ( 1)
  95 T   0.77286 0.00250 0.22390 0.00074 ( 1)
  96 E   0.76435 0.00888 0.22414 0.00263 ( 1)
  97 K   0.76484 0.00846 0.22421 0.00250 ( 1)
  98 S   0.77180 0.00302 0.22428 0.00089 ( 1)
  99 N   0.76633 0.00719 0.22435 0.00213 ( 1)
 100 I   0.76919 0.00500 0.22434 0.00148 ( 1)
 101 I   0.76919 0.00500 0.22434 0.00148 ( 1)
 102 R   0.76846 0.00537 0.22458 0.00159 ( 1)
 103 G   0.75984 0.01299 0.22333 0.00384 ( 1)
 104 W   0.75390 0.01856 0.22206 0.00549 ( 1)
 105 I   0.77318 0.00244 0.22365 0.00072 ( 1)
 106 F   0.77319 0.00218 0.22399 0.00064 ( 1)
 107 G   0.77247 0.00245 0.22435 0.00072 ( 1)
 108 T   0.77286 0.00250 0.22390 0.00074 ( 1)
 109 T   0.77286 0.00250 0.22390 0.00074 ( 1)
 110 L   0.76551 0.00795 0.22419 0.00235 ( 1)
 111 D   0.77390 0.00195 0.22358 0.00058 ( 1)
 112 S   0.75049 0.02181 0.22125 0.00645 ( 1)
 113 K   0.76484 0.00846 0.22421 0.00250 ( 1)
 114 T   0.76156 0.01142 0.22363 0.00338 ( 1)
 115 Q   0.75729 0.01536 0.22281 0.00454 ( 1)
 116 S   0.75926 0.01354 0.22320 0.00401 ( 1)
 117 L   0.76117 0.01181 0.22353 0.00349 ( 1)
 118 L   0.77202 0.00278 0.22438 0.00082 ( 1)
 119 I   0.77318 0.00244 0.22365 0.00072 ( 1)
 120 V   0.77278 0.00266 0.22377 0.00079 ( 1)
 121 N   0.77392 0.00198 0.22351 0.00059 ( 1)
 122 N   0.76633 0.00719 0.22435 0.00213 ( 1)
 123 A   0.77281 0.00248 0.22397 0.00073 ( 1)
 124 T   0.77286 0.00250 0.22390 0.00074 ( 1)
 125 N   0.77392 0.00198 0.22351 0.00059 ( 1)
 126 V   0.77278 0.00266 0.22377 0.00079 ( 1)
 127 V   0.77278 0.00266 0.22377 0.00079 ( 1)
 128 I   0.77318 0.00244 0.22365 0.00072 ( 1)
 129 K   0.77062 0.00381 0.22444 0.00113 ( 1)
 130 V   0.76182 0.01120 0.22367 0.00331 ( 1)
 131 C   0.77145 0.00308 0.22456 0.00091 ( 1)
 132 E   0.77043 0.00393 0.22447 0.00116 ( 1)
 133 F   0.77319 0.00218 0.22399 0.00064 ( 1)
 134 Q   0.76573 0.00768 0.22431 0.00227 ( 1)
 135 F   0.77319 0.00218 0.22399 0.00064 ( 1)
 136 C   0.77145 0.00308 0.22456 0.00091 ( 1)
 137 N   0.77392 0.00198 0.22351 0.00059 ( 1)
 138 D   0.77390 0.00195 0.22358 0.00058 ( 1)
 139 P   0.76518 0.00818 0.22422 0.00242 ( 1)
 140 F   0.77319 0.00218 0.22399 0.00064 ( 1)
 141 L   0.75989 0.01295 0.22334 0.00383 ( 1)
 142 G   0.77247 0.00245 0.22435 0.00072 ( 1)
 143 V   0.77197 0.00346 0.22355 0.00102 ( 1)
 144 Y   0.73780 0.03390 0.21827 0.01003 ( 1)
 145 Y   0.76104 0.01304 0.22205 0.00386 ( 1)
 146 H   0.76644 0.00663 0.22497 0.00196 ( 1)
 147 K   0.48732 0.28611 0.14193 0.08464 ( 1)
 148 N   0.76633 0.00719 0.22435 0.00213 ( 1)
 149 N   0.76856 0.00497 0.22501 0.00147 ( 1)
 150 K   0.77062 0.00381 0.22444 0.00113 ( 1)
 151 S   0.40503 0.36855 0.11739 0.10903 ( 1)
 152 W   0.75390 0.01856 0.22206 0.00549 ( 1)
 153 M   0.17976 0.59249 0.05246 0.17528 ( 2)
 154 E   0.77043 0.00393 0.22447 0.00116 ( 1)
 155 S   0.60745 0.16707 0.17606 0.04942 ( 1)
 156 E   0.76435 0.00888 0.22414 0.00263 ( 1)
 157 F   0.76735 0.00590 0.22500 0.00175 ( 1)
 158 R   0.76846 0.00537 0.22458 0.00159 ( 1)
 159 V   0.77278 0.00266 0.22377 0.00079 ( 1)
 160 Y   0.77049 0.00442 0.22378 0.00131 ( 1)
 161 S   0.77013 0.00469 0.22379 0.00139 ( 1)
 162 S   0.77345 0.00183 0.22417 0.00054 ( 1)
 163 A   0.75888 0.01364 0.22344 0.00404 ( 1)
 164 N   0.77308 0.00283 0.22326 0.00084 ( 1)
 165 N   0.77392 0.00198 0.22351 0.00059 ( 1)
 166 C   0.75844 0.01429 0.22305 0.00423 ( 1)
 167 T   0.77286 0.00250 0.22390 0.00074 ( 1)
 168 F   0.77191 0.00345 0.22361 0.00102 ( 1)
 169 E   0.76929 0.00507 0.22414 0.00150 ( 1)
 170 Y   0.77029 0.00463 0.22372 0.00137 ( 1)
 171 V   0.41681 0.35561 0.12238 0.10520 ( 1)
 172 S   0.77180 0.00302 0.22428 0.00089 ( 1)
 173 Q   0.75976 0.01289 0.22354 0.00381 ( 1)
 174 P   0.77142 0.00313 0.22453 0.00092 ( 1)
 175 F   0.77319 0.00218 0.22399 0.00064 ( 1)
 176 L   0.77202 0.00278 0.22438 0.00082 ( 1)
 177 M   0.77004 0.00403 0.22474 0.00119 ( 1)
 178 D   0.76609 0.00739 0.22433 0.00218 ( 1)
 179 L   0.77202 0.00278 0.22438 0.00082 ( 1)
 180 E   0.77043 0.00393 0.22447 0.00116 ( 1)
 181 G   0.76566 0.00777 0.22427 0.00230 ( 1)
 182 K   0.76907 0.00536 0.22399 0.00158 ( 1)
 183 Q   0.75976 0.01289 0.22354 0.00381 ( 1)
 184 G   0.77247 0.00245 0.22435 0.00072 ( 1)
 185 N   0.77392 0.00198 0.22351 0.00059 ( 1)
 186 F   0.76735 0.00590 0.22500 0.00175 ( 1)
 187 K   0.76907 0.00536 0.22399 0.00158 ( 1)
 188 N   0.77308 0.00283 0.22326 0.00084 ( 1)
 189 L   0.77202 0.00278 0.22438 0.00082 ( 1)
 190 R   0.76274 0.01012 0.22415 0.00299 ( 1)
 191 E   0.76879 0.00557 0.22399 0.00165 ( 1)
 192 F   0.77205 0.00331 0.22365 0.00098 ( 1)
 193 V   0.75557 0.01699 0.22242 0.00503 ( 1)
 194 F   0.77319 0.00218 0.22399 0.00064 ( 1)
 195 K   0.76612 0.00717 0.22458 0.00212 ( 1)
 196 N   0.77392 0.00198 0.22351 0.00059 ( 1)
 197 I   0.59023 0.18447 0.17073 0.05457 ( 1)
 198 D   0.77390 0.00195 0.22358 0.00058 ( 1)
 199 G   0.77247 0.00245 0.22435 0.00072 ( 1)
 200 Y   0.77190 0.00302 0.22419 0.00089 ( 1)
 201 F   0.76859 0.00676 0.22265 0.00200 ( 1)
 202 K   0.76907 0.00536 0.22399 0.00158 ( 1)
 203 I   0.76986 0.00433 0.22453 0.00128 ( 1)
 204 Y   0.77029 0.00463 0.22372 0.00137 ( 1)
 205 S   0.77180 0.00302 0.22428 0.00089 ( 1)
 206 K   0.76812 0.00518 0.22517 0.00153 ( 1)
 207 H   0.76459 0.00848 0.22442 0.00251 ( 1)
 208 T   0.76075 0.01179 0.22397 0.00349 ( 1)
 209 P   0.77142 0.00313 0.22453 0.00092 ( 1)
 210 I   0.77318 0.00244 0.22365 0.00072 ( 1)
 211 N   0.62748 0.14763 0.18122 0.04367 ( 1)
 212 L   0.76551 0.00795 0.22419 0.00235 ( 1)
 213 V   0.75557 0.01699 0.22242 0.00503 ( 1)
 214 R   0.76674 0.00729 0.22381 0.00216 ( 1)
 215 D   0.02987 0.01221 0.95430 0.00361 ( 3)
 216 L   0.76188 0.01090 0.22398 0.00323 ( 1)
 217 P   0.76277 0.01174 0.22202 0.00347 ( 1)
 218 Q   0.00014 0.77156 0.00004 0.22826 ( 2)
 219 G   0.77247 0.00245 0.22435 0.00072 ( 1)
 220 F   0.77319 0.00218 0.22399 0.00064 ( 1)
 221 S   0.31749 0.45446 0.09360 0.13445 ( 2)
 222 A   0.77195 0.00334 0.22372 0.00099 ( 1)
 223 L   0.76330 0.01016 0.22354 0.00300 ( 1)
 224 E   0.77043 0.00393 0.22447 0.00116 ( 1)
 225 P   0.76518 0.00818 0.22422 0.00242 ( 1)
 226 L   0.75583 0.01700 0.22214 0.00503 ( 1)
 227 V   0.76572 0.00816 0.22370 0.00242 ( 1)
 228 D   0.77299 0.00285 0.22331 0.00084 ( 1)
 229 L   0.75277 0.02006 0.22124 0.00593 ( 1)
 230 P   0.76707 0.00629 0.22477 0.00186 ( 1)
 231 I   0.76919 0.00500 0.22434 0.00148 ( 1)
 232 G   0.77247 0.00245 0.22435 0.00072 ( 1)
 233 I   0.77318 0.00244 0.22365 0.00072 ( 1)
 234 N   0.76856 0.00497 0.22501 0.00147 ( 1)
 235 I   0.76698 0.00620 0.22499 0.00183 ( 1)
 236 T   0.77155 0.00380 0.22352 0.00112 ( 1)
 237 R   0.76274 0.01012 0.22415 0.00299 ( 1)
 238 F   0.77191 0.00345 0.22361 0.00102 ( 1)
 239 Q   0.76573 0.00768 0.22431 0.00227 ( 1)
 240 T   0.75996 0.01327 0.22284 0.00393 ( 1)
 241 L   0.73200 0.03970 0.21655 0.01174 ( 1)
 242 L   0.73200 0.03970 0.21655 0.01174 ( 1)
 243 A   0.76322 0.01046 0.22324 0.00309 ( 1)
 244 L   0.76551 0.00795 0.22419 0.00235 ( 1)
 245 H   0.77284 0.00223 0.22427 0.00066 ( 1)
 246 R   0.76846 0.00537 0.22458 0.00159 ( 1)
 247 S   0.77239 0.00288 0.22387 0.00085 ( 1)
 248 Y   0.77190 0.00302 0.22419 0.00089 ( 1)
 249 L   0.72429 0.04849 0.21287 0.01435 ( 1)
 250 T   0.77206 0.00330 0.22367 0.00098 ( 1)
 251 P   0.77142 0.00313 0.22453 0.00092 ( 1)
 252 G   0.77247 0.00245 0.22435 0.00072 ( 1)
 253 D   0.02055 0.75126 0.00594 0.22225 ( 2)
 254 S   0.12072 0.65148 0.03508 0.19273 ( 2)
 255 S   0.00200 0.76971 0.00058 0.22771 ( 2)
 256 S   0.00363 0.76808 0.00107 0.22723 ( 2)
 257 G   0.77017 0.00438 0.22415 0.00130 ( 1)
 258 W   0.75381 0.01856 0.22214 0.00549 ( 1)
 259 T   0.76637 0.00614 0.22567 0.00182 ( 1)
 260 A   0.57220 0.19950 0.16928 0.05902 ( 1)
 261 G   0.76779 0.00392 0.22714 0.00116 ( 1)
 262 A   0.76918 0.00252 0.22755 0.00075 ( 1)
 263 A   0.76682 0.00488 0.22685 0.00144 ( 1)
 264 A   0.76918 0.00252 0.22755 0.00075 ( 1)
 265 Y   0.76701 0.00469 0.22691 0.00139 ( 1)
 266 Y   0.76864 0.00306 0.22739 0.00090 ( 1)
 267 V   0.76007 0.01164 0.22486 0.00344 ( 1)
 268 G   0.76922 0.00249 0.22756 0.00074 ( 1)
 269 Y   0.76701 0.00469 0.22691 0.00139 ( 1)
 270 L   0.76687 0.00484 0.22687 0.00143 ( 1)
 271 Q   0.76396 0.00774 0.22601 0.00229 ( 1)
 272 P   0.23493 0.53677 0.06950 0.15880 ( 2)
 273 R   0.75912 0.01258 0.22458 0.00372 ( 1)
 274 T   0.76916 0.00254 0.22755 0.00075 ( 1)
 275 F   0.76949 0.00221 0.22764 0.00065 ( 1)
 276 L   0.75966 0.01204 0.22474 0.00356 ( 1)
 277 L   0.76258 0.00912 0.22560 0.00270 ( 1)
 278 K   0.01658 0.75512 0.00490 0.22339 ( 2)
 279 Y   0.76701 0.00469 0.22691 0.00139 ( 1)
 280 N   0.76968 0.00202 0.22770 0.00060 ( 1)
 281 E   0.38236 0.38935 0.11312 0.11518 ( 2)
 282 N   0.76968 0.00202 0.22770 0.00060 ( 1)
 283 G   0.76387 0.00783 0.22598 0.00232 ( 1)
 284 T   0.76021 0.01149 0.22490 0.00340 ( 1)
 285 I   0.76922 0.00249 0.22756 0.00074 ( 1)
 286 T   0.76554 0.00617 0.22647 0.00182 ( 1)
 287 D   0.76972 0.00199 0.22771 0.00059 ( 1)
 288 A   0.76918 0.00252 0.22755 0.00075 ( 1)
 289 V   0.76683 0.00488 0.22686 0.00144 ( 1)
 290 D   0.76663 0.00507 0.22680 0.00150 ( 1)
 291 C   0.76859 0.00312 0.22738 0.00092 ( 1)
 292 A   0.32233 0.44937 0.09536 0.13294 ( 2)
 293 L   0.76687 0.00484 0.22687 0.00143 ( 1)
 294 D   0.76426 0.00744 0.22610 0.00220 ( 1)
 295 P   0.76854 0.00317 0.22736 0.00094 ( 1)
 296 L   0.76719 0.00451 0.22696 0.00134 ( 1)
 297 S   0.76058 0.01112 0.22501 0.00329 ( 1)
 298 E   0.76606 0.00564 0.22663 0.00167 ( 1)
 299 T   0.76554 0.00617 0.22647 0.00182 ( 1)
 300 K   0.76319 0.00852 0.22578 0.00252 ( 1)
 301 C   0.76623 0.00548 0.22668 0.00162 ( 1)
 302 T   0.75987 0.01183 0.22480 0.00350 ( 1)
 303 L   0.76210 0.00960 0.22546 0.00284 ( 1)
 304 K   0.76784 0.00386 0.22716 0.00114 ( 1)
 305 S   0.75809 0.01361 0.22427 0.00403 ( 1)
 306 F   0.31986 0.45184 0.09463 0.13367 ( 2)
 307 T   0.76835 0.00335 0.22731 0.00099 ( 1)
 308 V   0.76814 0.00356 0.22724 0.00105 ( 1)
 309 E   0.76772 0.00398 0.22712 0.00118 ( 1)
 310 K   0.76784 0.00386 0.22716 0.00114 ( 1)
 311 G   0.76387 0.00783 0.22598 0.00232 ( 1)
 312 I   0.76775 0.00395 0.22713 0.00117 ( 1)
 313 Y   0.76701 0.00469 0.22691 0.00139 ( 1)
 314 Q   0.76118 0.01052 0.22519 0.00311 ( 1)
 315 T   0.76785 0.00386 0.22716 0.00114 ( 1)
 316 S   0.76864 0.00307 0.22739 0.00091 ( 1)
 317 N   0.76446 0.00724 0.22616 0.00214 ( 1)
 318 F   0.76854 0.00350 0.22692 0.00104 ( 1)
 319 R   0.76821 0.00538 0.22482 0.00159 ( 1)
 320 V   0.76601 0.00687 0.22509 0.00203 ( 1)
 321 Q   0.76553 0.00769 0.22450 0.00227 ( 1)
 322 P   0.76498 0.00819 0.22440 0.00242 ( 1)
 323 T   0.76749 0.00612 0.22459 0.00181 ( 1)
 324 E   0.00009 0.77161 0.00003 0.22827 ( 2)
 325 S   0.00825 0.76348 0.00240 0.22587 ( 2)
 326 I   0.77208 0.00310 0.22390 0.00092 ( 1)
 327 V   0.77235 0.00267 0.22419 0.00079 ( 1)
 328 R   0.76846 0.00537 0.22458 0.00159 ( 1)
 329 F   0.77205 0.00331 0.22365 0.00098 ( 1)
 330 P   0.77074 0.00380 0.22434 0.00112 ( 1)
 331 N   0.77392 0.00198 0.22351 0.00059 ( 1)
 332 I   0.77318 0.00244 0.22365 0.00072 ( 1)
 333 T   0.76773 0.00611 0.22435 0.00181 ( 1)
 334 N   0.76633 0.00719 0.22435 0.00213 ( 1)
 335 L   0.76329 0.00955 0.22433 0.00283 ( 1)
 336 C   0.76802 0.00472 0.22586 0.00140 ( 1)
 337 P   0.76996 0.00458 0.22411 0.00135 ( 1)
 338 F   0.77319 0.00218 0.22399 0.00064 ( 1)
 339 G   0.77105 0.00386 0.22394 0.00114 ( 1)
 340 E   0.77043 0.00393 0.22447 0.00116 ( 1)
 341 V   0.77112 0.00431 0.22329 0.00128 ( 1)
 342 F   0.77319 0.00218 0.22399 0.00064 ( 1)
 343 N   0.76633 0.00719 0.22435 0.00213 ( 1)
 344 A   0.76398 0.00898 0.22437 0.00266 ( 1)
 345 T   0.25242 0.51970 0.07412 0.15375 ( 2)
 346 R   0.00807 0.76365 0.00236 0.22592 ( 2)
 347 F   0.77205 0.00331 0.22365 0.00098 ( 1)
 348 A   0.76761 0.00619 0.22436 0.00183 ( 1)
 349 S   0.76594 0.00886 0.22257 0.00262 ( 1)
 350 V   0.77278 0.00266 0.22377 0.00079 ( 1)
 351 Y   0.77190 0.00302 0.22419 0.00089 ( 1)
 352 A   0.77281 0.00248 0.22397 0.00073 ( 1)
 353 W   0.75390 0.01856 0.22206 0.00549 ( 1)
 354 N   0.76633 0.00719 0.22435 0.00213 ( 1)
 355 R   0.76127 0.01159 0.22371 0.00343 ( 1)
 356 K   0.76484 0.00846 0.22421 0.00250 ( 1)
 357 R   0.76846 0.00537 0.22458 0.00159 ( 1)
 358 I   0.76926 0.00392 0.22566 0.00116 ( 1)
 359 S   0.76343 0.00970 0.22400 0.00287 ( 1)
 360 N   0.76856 0.00497 0.22501 0.00147 ( 1)
 361 C   0.77145 0.00308 0.22456 0.00091 ( 1)
 362 V   0.77278 0.00266 0.22377 0.00079 ( 1)
 363 A   0.77281 0.00248 0.22397 0.00073 ( 1)
 364 D   0.77390 0.00195 0.22358 0.00058 ( 1)
 365 Y   0.76535 0.00954 0.22228 0.00282 ( 1)
 366 S   0.77180 0.00302 0.22428 0.00089 ( 1)
 367 V   0.76438 0.00864 0.22442 0.00256 ( 1)
 368 L   0.76522 0.00776 0.22472 0.00230 ( 1)
 369 Y   0.77190 0.00302 0.22419 0.00089 ( 1)
 370 N   0.77308 0.00283 0.22326 0.00084 ( 1)
 371 S   0.76458 0.00822 0.22476 0.00243 ( 1)
 372 A   0.33900 0.43363 0.09909 0.12828 ( 2)
 373 S   0.76203 0.01106 0.22364 0.00327 ( 1)
 374 F   0.77319 0.00218 0.22399 0.00064 ( 1)
 375 S   0.76212 0.01068 0.22404 0.00316 ( 1)
 376 T   0.77156 0.00379 0.22353 0.00112 ( 1)
 377 F   0.77319 0.00218 0.22399 0.00064 ( 1)
 378 K   0.76812 0.00518 0.22517 0.00153 ( 1)
 379 C   0.77145 0.00308 0.22456 0.00091 ( 1)
 380 Y   0.77190 0.00302 0.22419 0.00089 ( 1)
 381 G   0.76566 0.00777 0.22427 0.00230 ( 1)
 382 V   0.76368 0.00888 0.22481 0.00263 ( 1)
 383 S   0.77013 0.00469 0.22379 0.00139 ( 1)
 384 P   0.77142 0.00313 0.22453 0.00092 ( 1)
 385 T   0.77206 0.00330 0.22367 0.00098 ( 1)
 386 K   0.77062 0.00381 0.22444 0.00113 ( 1)
 387 L   0.75132 0.02211 0.22003 0.00654 ( 1)
 388 N   0.77392 0.00198 0.22351 0.00059 ( 1)
 389 D   0.77299 0.00285 0.22331 0.00084 ( 1)
 390 L   0.76466 0.00813 0.22480 0.00241 ( 1)
 391 C   0.75844 0.01429 0.22305 0.00423 ( 1)
 392 F   0.77191 0.00345 0.22361 0.00102 ( 1)
 393 T   0.77155 0.00380 0.22352 0.00112 ( 1)
 394 N   0.77392 0.00198 0.22351 0.00059 ( 1)
 395 V   0.76535 0.00767 0.22471 0.00227 ( 1)
 396 Y   0.77190 0.00302 0.22419 0.00089 ( 1)
 397 A   0.76761 0.00619 0.22436 0.00183 ( 1)
 398 D   0.77046 0.00537 0.22258 0.00159 ( 1)
 399 S   0.76203 0.01106 0.22364 0.00327 ( 1)
 400 F   0.77319 0.00218 0.22399 0.00064 ( 1)
 401 V   0.76754 0.00635 0.22423 0.00188 ( 1)
 402 I   0.59023 0.18447 0.17073 0.05457 ( 1)
 403 R   0.00807 0.76365 0.00236 0.22592 ( 2)
 404 G   0.77247 0.00245 0.22435 0.00072 ( 1)
 405 D   0.77299 0.00285 0.22331 0.00084 ( 1)
 406 E   0.76879 0.00557 0.22399 0.00165 ( 1)
 407 V   0.76616 0.00686 0.22495 0.00203 ( 1)
 408 R   0.76846 0.00537 0.22458 0.00159 ( 1)
 409 Q   0.76573 0.00768 0.22431 0.00227 ( 1)
 410 I   0.76786 0.00532 0.22524 0.00157 ( 1)
 411 A   0.76824 0.00703 0.22265 0.00208 ( 1)
 412 P   0.76356 0.00979 0.22375 0.00290 ( 1)
 413 G   0.76300 0.00944 0.22476 0.00279 ( 1)
 414 Q   0.76573 0.00768 0.22431 0.00227 ( 1)
 415 T   0.77286 0.00250 0.22390 0.00074 ( 1)
 416 G   0.76770 0.00574 0.22486 0.00170 ( 1)
 417 K   0.00001 0.77150 0.00025 0.22824 ( 2)
 418 I   0.77318 0.00244 0.22365 0.00072 ( 1)
 419 A   0.77281 0.00248 0.22397 0.00073 ( 1)
 420 D   0.77287 0.00297 0.22328 0.00088 ( 1)
 421 Y   0.77049 0.00442 0.22378 0.00131 ( 1)
 422 N   0.77308 0.00283 0.22326 0.00084 ( 1)
 423 Y   0.77190 0.00302 0.22419 0.00089 ( 1)
 424 K   0.76907 0.00536 0.22399 0.00158 ( 1)
 425 L   0.75885 0.01459 0.22224 0.00432 ( 1)
 426 P   0.76518 0.00818 0.22422 0.00242 ( 1)
 427 D   0.77390 0.00195 0.22358 0.00058 ( 1)
 428 D   0.77390 0.00195 0.22358 0.00058 ( 1)
 429 F   0.77319 0.00218 0.22399 0.00064 ( 1)
 430 T   0.77050 0.00335 0.22516 0.00099 ( 1)
 431 G   0.76878 0.00406 0.22596 0.00120 ( 1)
 432 C   0.76802 0.00472 0.22586 0.00140 ( 1)
 433 V   0.77278 0.00266 0.22377 0.00079 ( 1)
 434 I   0.76986 0.00433 0.22453 0.00128 ( 1)
 435 A   0.77281 0.00248 0.22397 0.00073 ( 1)
 436 W   0.75390 0.01856 0.22206 0.00549 ( 1)
 437 N   0.77308 0.00283 0.22326 0.00084 ( 1)
 438 S   0.77013 0.00469 0.22379 0.00139 ( 1)
 439 N   0.00001 0.77170 0.00000 0.22830 ( 2)
 440 N   0.01134 0.76042 0.00328 0.22496 ( 2)
 441 L   0.00219 0.76952 0.00064 0.22765 ( 2)
 442 D   0.77390 0.00195 0.22358 0.00058 ( 1)
 443 S   0.44323 0.33027 0.12880 0.09771 ( 1)
 444 K   0.00378 0.76793 0.00111 0.22718 ( 2)
 445 V   0.00002 0.77168 0.00001 0.22829 ( 2)
 446 G   0.77119 0.00372 0.22398 0.00110 ( 1)
 447 G   0.77247 0.00245 0.22435 0.00072 ( 1)
 448 N   0.77392 0.00198 0.22351 0.00059 ( 1)
 449 Y   0.47464 0.29904 0.13785 0.08847 ( 1)
 450 N   0.01948 0.75232 0.00563 0.22257 ( 2)
 451 Y   0.76807 0.00477 0.22575 0.00141 ( 1)
 452 L   0.75437 0.01784 0.22252 0.00528 ( 1)
 453 Y   0.77049 0.00442 0.22378 0.00131 ( 1)
 454 R   0.74998 0.02380 0.21918 0.00704 ( 1)
 455 L   0.73048 0.04231 0.21469 0.01252 ( 1)
 456 F   0.77319 0.00218 0.22399 0.00064 ( 1)
 457 R   0.76609 0.00677 0.22513 0.00200 ( 1)
 458 K   0.76557 0.00773 0.22442 0.00229 ( 1)
 459 S   0.47580 0.29782 0.13826 0.08811 ( 1)
 460 N   0.56434 0.21043 0.16298 0.06225 ( 1)
 461 L   0.76831 0.00449 0.22587 0.00133 ( 1)
 462 K   0.77062 0.00381 0.22444 0.00113 ( 1)
 463 P   0.76705 0.00748 0.22326 0.00221 ( 1)
 464 F   0.77319 0.00218 0.22399 0.00064 ( 1)
 465 E   0.76435 0.00888 0.22414 0.00263 ( 1)
 466 R   0.76732 0.00651 0.22425 0.00193 ( 1)
 467 D   0.77390 0.00195 0.22358 0.00058 ( 1)
 468 I   0.77198 0.00364 0.22331 0.00108 ( 1)
 469 S   0.76194 0.01115 0.22362 0.00330 ( 1)
 470 T   0.77286 0.00250 0.22390 0.00074 ( 1)
 471 E   0.77043 0.00393 0.22447 0.00116 ( 1)
 472 I   0.76786 0.00532 0.22524 0.00157 ( 1)
 473 Y   0.76535 0.00954 0.22228 0.00282 ( 1)
 474 Q   0.76338 0.00928 0.22460 0.00274 ( 1)
 475 A   0.76268 0.01029 0.22399 0.00304 ( 1)
 476 G   0.76492 0.00997 0.22216 0.00295 ( 1)
 477 S   0.32195 0.45036 0.09446 0.13323 ( 2)
 478 T   0.35650 0.41619 0.10418 0.12313 ( 2)
 479 P   0.76911 0.00542 0.22386 0.00160 ( 1)
 480 C   0.77145 0.00308 0.22456 0.00091 ( 1)
 481 N   0.77308 0.00283 0.22326 0.00084 ( 1)
 482 G   0.77247 0.00245 0.22435 0.00072 ( 1)
 483 V   0.00130 0.77041 0.00038 0.22792 ( 2)
 484 E   0.00000 0.77170 0.00001 0.22830 ( 2)
 485 G   0.77247 0.00245 0.22435 0.00072 ( 1)
 486 F   0.32264 0.45060 0.09346 0.13330 ( 2)
 487 N   0.77392 0.00198 0.22351 0.00059 ( 1)
 488 C   0.77014 0.00438 0.22418 0.00129 ( 1)
 489 Y   0.76498 0.00786 0.22484 0.00232 ( 1)
 490 F   0.43094 0.34280 0.12484 0.10141 ( 1)
 491 P   0.77074 0.00380 0.22434 0.00112 ( 1)
 492 L   0.75577 0.01767 0.22133 0.00523 ( 1)
 493 Q   0.00005 0.77166 0.00001 0.22828 ( 2)
 494 S   0.00371 0.76800 0.00109 0.22720 ( 2)
 495 Y   0.77190 0.00302 0.22419 0.00089 ( 1)
 496 G   0.77174 0.00318 0.22414 0.00094 ( 1)
 497 F   0.76967 0.00359 0.22568 0.00106 ( 1)
 498 Q   0.00404 0.76767 0.00118 0.22711 ( 2)
 499 P   0.76468 0.00803 0.22492 0.00237 ( 1)
 500 T   0.77286 0.00250 0.22390 0.00074 ( 1)
 501 N   0.00005 0.77165 0.00001 0.22828 ( 2)
 502 G   0.77247 0.00245 0.22435 0.00072 ( 1)
 503 V   0.77278 0.00266 0.22377 0.00079 ( 1)
 504 G   0.01533 0.75644 0.00445 0.22378 ( 2)
 505 Y   0.23246 0.53959 0.06832 0.15963 ( 2)
 506 Q   0.76573 0.00768 0.22431 0.00227 ( 1)
 507 P   0.76941 0.00396 0.22546 0.00117 ( 1)
 508 Y   0.45335 0.31902 0.13325 0.09438 ( 1)
 509 R   0.76732 0.00651 0.22425 0.00193 ( 1)
 510 V   0.76572 0.00816 0.22370 0.00242 ( 1)
 511 V   0.76907 0.00483 0.22468 0.00143 ( 1)
 512 V   0.76907 0.00483 0.22468 0.00143 ( 1)
 513 L   0.75833 0.01642 0.22040 0.00486 ( 1)
 514 S   0.77013 0.00469 0.22379 0.00139 ( 1)
 515 F   0.77319 0.00218 0.22399 0.00064 ( 1)
 516 E   0.76879 0.00557 0.22399 0.00165 ( 1)
 517 L   0.75833 0.01642 0.22040 0.00486 ( 1)
 518 L   0.76522 0.00776 0.22472 0.00230 ( 1)
 519 H   0.45430 0.31938 0.13183 0.09448 ( 1)
 520 A   0.32906 0.44354 0.09618 0.13122 ( 2)
 521 P   0.76518 0.00818 0.22422 0.00242 ( 1)
 522 A   0.76897 0.00484 0.22476 0.00143 ( 1)
 523 T   0.77286 0.00250 0.22390 0.00074 ( 1)
 524 V   0.77278 0.00266 0.22377 0.00079 ( 1)
 525 C   0.77145 0.00308 0.22456 0.00091 ( 1)
 526 G   0.76566 0.00777 0.22427 0.00230 ( 1)
 527 P   0.76911 0.00542 0.22386 0.00160 ( 1)
 528 K   0.76949 0.00493 0.22411 0.00146 ( 1)
 529 K   0.00403 0.76768 0.00118 0.22711 ( 2)
 530 S   0.77180 0.00302 0.22428 0.00089 ( 1)
 531 T   0.77206 0.00330 0.22367 0.00098 ( 1)
 532 N   0.31592 0.45750 0.09124 0.13535 ( 2)
 533 L   0.75841 0.01442 0.22290 0.00427 ( 1)
 534 V   0.77278 0.00266 0.22377 0.00079 ( 1)
 535 K   0.77062 0.00381 0.22444 0.00113 ( 1)
 536 N   0.44741 0.32535 0.13098 0.09625 ( 1)
 537 K   0.77062 0.00381 0.22444 0.00113 ( 1)
 538 C   0.77145 0.00308 0.22456 0.00091 ( 1)
 539 V   0.76182 0.01120 0.22367 0.00331 ( 1)
 540 N   0.77392 0.00198 0.22351 0.00059 ( 1)
 541 F   0.76429 0.00896 0.22411 0.00265 ( 1)
 542 N   0.76633 0.00719 0.22435 0.00213 ( 1)
 543 F   0.76967 0.00359 0.22568 0.00106 ( 1)
 544 N   0.77308 0.00283 0.22326 0.00084 ( 1)
 545 G   0.77247 0.00245 0.22435 0.00072 ( 1)
 546 L   0.76551 0.00795 0.22419 0.00235 ( 1)
 547 T   0.77050 0.00335 0.22516 0.00099 ( 1)
 548 G   0.75984 0.01299 0.22333 0.00384 ( 1)
 549 T   0.76773 0.00611 0.22435 0.00181 ( 1)
 550 G   0.77247 0.00245 0.22435 0.00072 ( 1)
 551 V   0.77147 0.00396 0.22339 0.00117 ( 1)
 552 L   0.77065 0.00414 0.22398 0.00122 ( 1)
 553 T   0.77027 0.00507 0.22315 0.00150 ( 1)
 554 E   0.00472 0.76699 0.00138 0.22690 ( 2)
 555 S   0.77180 0.00302 0.22428 0.00089 ( 1)
 556 N   0.45940 0.31339 0.13450 0.09271 ( 1)
 557 K   0.77062 0.00381 0.22444 0.00113 ( 1)
 558 K   0.28812 0.48418 0.08446 0.14324 ( 2)
 559 F   0.77319 0.00218 0.22399 0.00064 ( 1)
 560 L   0.75018 0.02202 0.22129 0.00651 ( 1)
 561 P   0.77142 0.00313 0.22453 0.00092 ( 1)
 562 F   0.76735 0.00590 0.22500 0.00175 ( 1)
 563 Q   0.76573 0.00768 0.22431 0.00227 ( 1)
 564 Q   0.76573 0.00768 0.22431 0.00227 ( 1)
 565 F   0.77319 0.00218 0.22399 0.00064 ( 1)
 566 G   0.76878 0.00406 0.22596 0.00120 ( 1)
 567 R   0.76846 0.00537 0.22458 0.00159 ( 1)
 568 D   0.76609 0.00739 0.22433 0.00218 ( 1)
 569 I   0.77217 0.00345 0.22336 0.00102 ( 1)
 570 A   0.01102 0.76073 0.00320 0.22505 ( 2)
 571 D   0.76609 0.00739 0.22433 0.00218 ( 1)
 572 T   0.77286 0.00250 0.22390 0.00074 ( 1)
 573 T   0.77286 0.00250 0.22390 0.00074 ( 1)
 574 D   0.77390 0.00195 0.22358 0.00058 ( 1)
 575 A   0.77150 0.00379 0.22359 0.00112 ( 1)
 576 V   0.76182 0.01120 0.22367 0.00331 ( 1)
 577 R   0.76974 0.00431 0.22468 0.00127 ( 1)
 578 D   0.77299 0.00285 0.22331 0.00084 ( 1)
 579 P   0.76518 0.00818 0.22422 0.00242 ( 1)
 580 Q   0.75729 0.01536 0.22281 0.00454 ( 1)
 581 T   0.76773 0.00611 0.22435 0.00181 ( 1)
 582 L   0.77202 0.00278 0.22438 0.00082 ( 1)
 583 E   0.37205 0.40039 0.10910 0.11845 ( 2)
 584 I   0.77252 0.00310 0.22346 0.00092 ( 1)
 585 L   0.77202 0.00278 0.22438 0.00082 ( 1)
 586 D   0.76609 0.00739 0.22433 0.00218 ( 1)
 587 I   0.77318 0.00244 0.22365 0.00072 ( 1)
 588 T   0.76681 0.00703 0.22408 0.00208 ( 1)
 589 P   0.76707 0.00629 0.22477 0.00186 ( 1)
 590 C   0.76911 0.00541 0.22388 0.00160 ( 1)
 591 S   0.77180 0.00302 0.22428 0.00089 ( 1)
 592 F   0.77319 0.00218 0.22399 0.00064 ( 1)
 593 G   0.77105 0.00386 0.22394 0.00114 ( 1)
 594 G   0.77105 0.00386 0.22394 0.00114 ( 1)
 595 V   0.76616 0.00686 0.22495 0.00203 ( 1)
 596 S   0.77345 0.00183 0.22417 0.00054 ( 1)
 597 V   0.77112 0.00431 0.22329 0.00128 ( 1)
 598 I   0.76919 0.00500 0.22434 0.00148 ( 1)
 599 T   0.76773 0.00611 0.22435 0.00181 ( 1)
 600 P   0.76605 0.00732 0.22447 0.00216 ( 1)
 601 G   0.76770 0.00574 0.22486 0.00170 ( 1)
 602 T   0.76773 0.00611 0.22435 0.00181 ( 1)
 603 N   0.77308 0.00283 0.22326 0.00084 ( 1)
 604 T   0.41341 0.36024 0.11977 0.10657 ( 1)
 605 S   0.77180 0.00302 0.22428 0.00089 ( 1)
 606 N   0.76856 0.00497 0.22501 0.00147 ( 1)
 607 Q   0.75976 0.01289 0.22354 0.00381 ( 1)
 608 V   0.77112 0.00431 0.22329 0.00128 ( 1)
 609 A   0.77281 0.00248 0.22397 0.00073 ( 1)
 610 V   0.77210 0.00334 0.22357 0.00099 ( 1)
 611 L   0.77202 0.00278 0.22438 0.00082 ( 1)
 612 Y   0.77029 0.00463 0.22372 0.00137 ( 1)
 613 Q   0.75976 0.01289 0.22354 0.00381 ( 1)
 614 D   0.01104 0.76071 0.00321 0.22505 ( 2)
 615 V   0.77278 0.00266 0.22377 0.00079 ( 1)
 616 N   0.76633 0.00719 0.22435 0.00213 ( 1)
 617 C   0.76394 0.00880 0.22466 0.00260 ( 1)
 618 T   0.76906 0.00479 0.22474 0.00142 ( 1)
 619 E   0.77043 0.00393 0.22447 0.00116 ( 1)
 620 V   0.76162 0.01139 0.22361 0.00337 ( 1)
 621 P   0.77142 0.00313 0.22453 0.00092 ( 1)
 622 V   0.22398 0.54881 0.06486 0.16236 ( 2)
 623 A   0.77142 0.00387 0.22357 0.00114 ( 1)
 624 I   0.77198 0.00364 0.22331 0.00108 ( 1)
 625 H   0.77284 0.00223 0.22427 0.00066 ( 1)
 626 A   0.76761 0.00619 0.22436 0.00183 ( 1)
 627 D   0.51119 0.26325 0.14768 0.07788 ( 1)
 628 Q   0.76573 0.00768 0.22431 0.00227 ( 1)
 629 L   0.77202 0.00278 0.22438 0.00082 ( 1)
 630 T   0.77206 0.00330 0.22367 0.00098 ( 1)
 631 P   0.77005 0.00449 0.22414 0.00133 ( 1)
 632 T   0.51020 0.26392 0.14781 0.07808 ( 1)
 633 W   0.75390 0.01856 0.22206 0.00549 ( 1)
 634 R   0.76974 0.00431 0.22468 0.00127 ( 1)
 635 V   0.77278 0.00266 0.22377 0.00079 ( 1)
 636 Y   0.76535 0.00954 0.22228 0.00282 ( 1)
 637 S   0.77036 0.00446 0.22386 0.00132 ( 1)
 638 T   0.40576 0.36708 0.11857 0.10860 ( 1)
 639 G   0.77105 0.00386 0.22394 0.00114 ( 1)
 640 S   0.44477 0.32873 0.12925 0.09725 ( 1)
 641 N   0.77392 0.00198 0.22351 0.00059 ( 1)
 642 V   0.77112 0.00431 0.22329 0.00128 ( 1)
 643 F   0.77319 0.00218 0.22399 0.00064 ( 1)
 644 Q   0.76573 0.00768 0.22431 0.00227 ( 1)
 645 T   0.76773 0.00611 0.22435 0.00181 ( 1)
 646 R   0.74808 0.02590 0.21836 0.00766 ( 1)
 647 A   0.76761 0.00619 0.22436 0.00183 ( 1)
 648 G   0.76244 0.01040 0.22409 0.00308 ( 1)
 649 C   0.77145 0.00308 0.22456 0.00091 ( 1)
 650 L   0.76551 0.00795 0.22419 0.00235 ( 1)
 651 I   0.43926 0.33386 0.12811 0.09877 ( 1)
 652 G   0.76254 0.00990 0.22463 0.00293 ( 1)
 653 A   0.77281 0.00248 0.22397 0.00073 ( 1)
 654 E   0.76879 0.00557 0.22399 0.00165 ( 1)
 655 H   0.77284 0.00223 0.22427 0.00066 ( 1)
 656 V   0.76182 0.01120 0.22367 0.00331 ( 1)
 657 N   0.76800 0.00553 0.22484 0.00164 ( 1)
 658 N   0.76856 0.00497 0.22501 0.00147 ( 1)
 659 S   0.76424 0.00885 0.22429 0.00262 ( 1)
 660 Y   0.77190 0.00302 0.22419 0.00089 ( 1)
 661 E   0.76578 0.00746 0.22455 0.00221 ( 1)
 662 C   0.77145 0.00308 0.22456 0.00091 ( 1)
 663 D   0.76609 0.00739 0.22433 0.00218 ( 1)
 664 I   0.76986 0.00433 0.22453 0.00128 ( 1)
 665 P   0.76468 0.00803 0.22492 0.00237 ( 1)
 666 I   0.52898 0.24541 0.15301 0.07260 ( 1)
 667 G   0.77247 0.00245 0.22435 0.00072 ( 1)
 668 A   0.76897 0.00484 0.22476 0.00143 ( 1)
 669 G   0.76855 0.00636 0.22322 0.00188 ( 1)
 670 I   0.76919 0.00500 0.22434 0.00148 ( 1)
 671 C   0.76394 0.00880 0.22466 0.00260 ( 1)
 672 A   0.76976 0.00552 0.22309 0.00163 ( 1)
 673 S   0.77345 0.00183 0.22417 0.00054 ( 1)
 674 Y   0.77029 0.00463 0.22372 0.00137 ( 1)
 675 Q   0.35596 0.41619 0.10473 0.12312 ( 2)
 676 T   0.45148 0.32235 0.13080 0.09536 ( 1)
 677 Q   0.00003 0.77168 0.00001 0.22829 ( 2)
 678 T   0.45649 0.31737 0.13225 0.09389 ( 1)
 679 N   0.73200 0.03970 0.21655 0.01174 ( 1)
 680 S   0.73200 0.03970 0.21655 0.01174 ( 1)
 681 P   0.73200 0.03970 0.21655 0.01174 ( 1)
 682 R   0.73200 0.03970 0.21655 0.01174 ( 1)
 683 R   0.73200 0.03970 0.21655 0.01174 ( 1)
 684 A   0.73200 0.03970 0.21655 0.01174 ( 1)
 685 R   0.76974 0.00431 0.22468 0.00127 ( 1)
 686 S   0.77345 0.00183 0.22417 0.00054 ( 1)
 687 V   0.76462 0.00927 0.22338 0.00274 ( 1)
 688 A   0.00760 0.76414 0.00220 0.22606 ( 2)
 689 S   0.00044 0.77127 0.00013 0.22817 ( 2)
 690 Q   0.15063 0.62141 0.04413 0.18384 ( 2)
 691 S   0.76458 0.00822 0.22476 0.00243 ( 1)
 692 I   0.76596 0.00722 0.22469 0.00214 ( 1)
 693 I   0.77318 0.00244 0.22365 0.00072 ( 1)
 694 A   0.76602 0.00695 0.22497 0.00206 ( 1)
 695 Y   0.75971 0.01312 0.22329 0.00388 ( 1)
 696 T   0.77286 0.00250 0.22390 0.00074 ( 1)
 697 M   0.77004 0.00403 0.22474 0.00119 ( 1)
 698 S   0.76567 0.00742 0.22471 0.00219 ( 1)
 699 L   0.75833 0.01642 0.22040 0.00486 ( 1)
 700 G   0.77247 0.00245 0.22435 0.00072 ( 1)
 701 A   0.02912 0.02591 0.93731 0.00766 ( 3)
 702 E   0.77043 0.00393 0.22447 0.00116 ( 1)
 703 N   0.77392 0.00198 0.22351 0.00059 ( 1)
 704 S   0.76203 0.01106 0.22364 0.00327 ( 1)
 705 V   0.77278 0.00266 0.22377 0.00079 ( 1)
 706 A   0.77281 0.00248 0.22397 0.00073 ( 1)
 707 Y   0.76807 0.00477 0.22575 0.00141 ( 1)
 708 S   0.77180 0.00302 0.22428 0.00089 ( 1)
 709 N   0.77392 0.00198 0.22351 0.00059 ( 1)
 710 N   0.76856 0.00497 0.22501 0.00147 ( 1)
 711 S   0.77013 0.00469 0.22379 0.00139 ( 1)
 712 I   0.77318 0.00244 0.22365 0.00072 ( 1)
 713 A   0.76132 0.01165 0.22359 0.00345 ( 1)
 714 I   0.76919 0.00500 0.22434 0.00148 ( 1)
 715 P   0.76786 0.00484 0.22586 0.00143 ( 1)
 716 T   0.45858 0.31434 0.13409 0.09299 ( 1)
 717 N   0.77392 0.00198 0.22351 0.00059 ( 1)
 718 F   0.77319 0.00218 0.22399 0.00064 ( 1)
 719 T   0.77206 0.00330 0.22367 0.00098 ( 1)
 720 I   0.77252 0.00310 0.22346 0.00092 ( 1)
 721 S   0.77345 0.00183 0.22417 0.00054 ( 1)
 722 V   0.77119 0.00425 0.22331 0.00126 ( 1)
 723 T   0.76156 0.01142 0.22363 0.00338 ( 1)
 724 T   0.76860 0.00524 0.22460 0.00155 ( 1)
 725 E   0.77043 0.00393 0.22447 0.00116 ( 1)
 726 I   0.77318 0.00244 0.22365 0.00072 ( 1)
 727 L   0.76117 0.01181 0.22353 0.00349 ( 1)
 728 P   0.76605 0.00732 0.22447 0.00216 ( 1)
 729 V   0.75557 0.01699 0.22242 0.00503 ( 1)
 730 S   0.77013 0.00469 0.22379 0.00139 ( 1)
 731 M   0.77004 0.00403 0.22474 0.00119 ( 1)
 732 T   0.76734 0.00566 0.22533 0.00167 ( 1)
 733 K   0.76484 0.00846 0.22421 0.00250 ( 1)
 734 T   0.76906 0.00479 0.22474 0.00142 ( 1)
 735 S   0.76424 0.00885 0.22429 0.00262 ( 1)
 736 V   0.76773 0.00617 0.22428 0.00182 ( 1)
 737 D   0.77287 0.00297 0.22328 0.00088 ( 1)
 738 C   0.77145 0.00308 0.22456 0.00091 ( 1)
 739 T   0.76906 0.00479 0.22474 0.00142 ( 1)
 740 M   0.77004 0.00403 0.22474 0.00119 ( 1)
 741 Y   0.76275 0.01008 0.22418 0.00298 ( 1)
 742 I   0.77217 0.00345 0.22336 0.00102 ( 1)
 743 C   0.77145 0.00308 0.22456 0.00091 ( 1)
 744 G   0.77105 0.00386 0.22394 0.00114 ( 1)
 745 D   0.77390 0.00195 0.22358 0.00058 ( 1)
 746 S   0.76203 0.01106 0.22364 0.00327 ( 1)
 747 T   0.58326 0.19121 0.16897 0.05657 ( 1)
 748 E   0.76644 0.00791 0.22331 0.00234 ( 1)
 749 C   0.76394 0.00880 0.22466 0.00260 ( 1)
 750 S   0.76715 0.00599 0.22509 0.00177 ( 1)
 751 N   0.77291 0.00299 0.22322 0.00088 ( 1)
 752 L   0.75833 0.01642 0.22040 0.00486 ( 1)
 753 L   0.75989 0.01295 0.22334 0.00383 ( 1)
 754 L   0.75841 0.01442 0.22290 0.00427 ( 1)
 755 Q   0.76573 0.00768 0.22431 0.00227 ( 1)
 756 Y   0.77190 0.00302 0.22419 0.00089 ( 1)
 757 G   0.76244 0.01040 0.22409 0.00308 ( 1)
 758 S   0.77345 0.00183 0.22417 0.00054 ( 1)
 759 F   0.77319 0.00218 0.22399 0.00064 ( 1)
 760 C   0.76295 0.01155 0.22209 0.00342 ( 1)
 761 T   0.76773 0.00611 0.22435 0.00181 ( 1)
 762 Q   0.76573 0.00768 0.22431 0.00227 ( 1)
 763 L   0.76551 0.00795 0.22419 0.00235 ( 1)
 764 N   0.76800 0.00553 0.22484 0.00164 ( 1)
 765 R   0.76974 0.00431 0.22468 0.00127 ( 1)
 766 A   0.77281 0.00248 0.22397 0.00073 ( 1)
 767 L   0.76330 0.01016 0.22354 0.00300 ( 1)
 768 T   0.77286 0.00250 0.22390 0.00074 ( 1)
 769 G   0.76288 0.01054 0.22345 0.00312 ( 1)
 770 I   0.76986 0.00433 0.22453 0.00128 ( 1)
 771 A   0.77281 0.00248 0.22397 0.00073 ( 1)
 772 V   0.77278 0.00266 0.22377 0.00079 ( 1)
 773 E   0.77043 0.00393 0.22447 0.00116 ( 1)
 774 Q   0.76442 0.00899 0.22393 0.00266 ( 1)
 775 D   0.76609 0.00739 0.22433 0.00218 ( 1)
 776 K   0.77062 0.00381 0.22444 0.00113 ( 1)
 777 N   0.76800 0.00553 0.22484 0.00164 ( 1)
 778 T   0.76716 0.00584 0.22528 0.00173 ( 1)
 779 Q   0.76573 0.00768 0.22431 0.00227 ( 1)
 780 E   0.77043 0.00393 0.22447 0.00116 ( 1)
 781 V   0.77278 0.00266 0.22377 0.00079 ( 1)
 782 F   0.77319 0.00218 0.22399 0.00064 ( 1)
 783 A   0.76818 0.00563 0.22453 0.00167 ( 1)
 784 Q   0.76297 0.01044 0.22350 0.00309 ( 1)
 785 V   0.76876 0.00427 0.22571 0.00126 ( 1)
 786 K   0.77062 0.00381 0.22444 0.00113 ( 1)
 787 Q   0.76573 0.00768 0.22431 0.00227 ( 1)
 788 I   0.77217 0.00345 0.22336 0.00102 ( 1)
 789 Y   0.76275 0.01008 0.22418 0.00298 ( 1)
 790 K   0.76949 0.00493 0.22411 0.00146 ( 1)
 791 T   0.76773 0.00611 0.22435 0.00181 ( 1)
 792 P   0.76518 0.00818 0.22422 0.00242 ( 1)
 793 P   0.76707 0.00629 0.22477 0.00186 ( 1)
 794 I   0.77318 0.00244 0.22365 0.00072 ( 1)
 795 K   0.77062 0.00381 0.22444 0.00113 ( 1)
 796 D   0.77390 0.00195 0.22358 0.00058 ( 1)
 797 F   0.77319 0.00218 0.22399 0.00064 ( 1)
 798 G   0.77247 0.00245 0.22435 0.00072 ( 1)
 799 G   0.77054 0.00438 0.22379 0.00129 ( 1)
 800 F   0.77205 0.00331 0.22365 0.00098 ( 1)
 801 N   0.77308 0.00283 0.22326 0.00084 ( 1)
 802 F   0.77319 0.00218 0.22399 0.00064 ( 1)
 803 S   0.76203 0.01106 0.22364 0.00327 ( 1)
 804 Q   0.76573 0.00768 0.22431 0.00227 ( 1)
 805 I   0.76919 0.00500 0.22434 0.00148 ( 1)
 806 L   0.76330 0.01016 0.22354 0.00300 ( 1)
 807 P   0.76518 0.00818 0.22422 0.00242 ( 1)
 808 D   0.77390 0.00195 0.22358 0.00058 ( 1)
 809 P   0.76518 0.00818 0.22422 0.00242 ( 1)
 810 S   0.76203 0.01106 0.22364 0.00327 ( 1)
 811 K   0.77062 0.00381 0.22444 0.00113 ( 1)
 812 P   0.76518 0.00818 0.22422 0.00242 ( 1)
 813 S   0.76343 0.00970 0.22400 0.00287 ( 1)
 814 K   0.76484 0.00846 0.22421 0.00250 ( 1)
 815 R   0.76034 0.01252 0.22344 0.00370 ( 1)
 816 S   0.76203 0.01106 0.22364 0.00327 ( 1)
 817 F   0.77319 0.00218 0.22399 0.00064 ( 1)
 818 I   0.77318 0.00244 0.22365 0.00072 ( 1)
 819 E   0.76644 0.00791 0.22331 0.00234 ( 1)
 820 D   0.77390 0.00195 0.22358 0.00058 ( 1)
 821 L   0.76372 0.00926 0.22428 0.00274 ( 1)
 822 L   0.77002 0.00477 0.22380 0.00141 ( 1)
 823 F   0.76429 0.00896 0.22411 0.00265 ( 1)
 824 N   0.76800 0.00553 0.22484 0.00164 ( 1)
 825 K   0.77062 0.00381 0.22444 0.00113 ( 1)
 826 V   0.75557 0.01699 0.22242 0.00503 ( 1)
 827 T   0.76773 0.00611 0.22435 0.00181 ( 1)
 828 L   0.77202 0.00278 0.22438 0.00082 ( 1)
 829 A   0.77047 0.00334 0.22520 0.00099 ( 1)
 830 D   0.77390 0.00195 0.22358 0.00058 ( 1)
 831 A   0.77281 0.00248 0.22397 0.00073 ( 1)
 832 G   0.75984 0.01299 0.22333 0.00384 ( 1)
 833 F   0.76429 0.00896 0.22411 0.00265 ( 1)
 834 I   0.76341 0.00977 0.22394 0.00289 ( 1)
 835 K   0.77062 0.00381 0.22444 0.00113 ( 1)
 836 Q   0.76573 0.00768 0.22431 0.00227 ( 1)
 837 Y   0.77190 0.00302 0.22419 0.00089 ( 1)
 838 G   0.77247 0.00245 0.22435 0.00072 ( 1)
 839 D   0.77390 0.00195 0.22358 0.00058 ( 1)
 840 C   0.75844 0.01429 0.22305 0.00423 ( 1)
 841 L   0.77202 0.00278 0.22438 0.00082 ( 1)
 842 G   0.77247 0.00245 0.22435 0.00072 ( 1)
 843 D   0.77390 0.00195 0.22358 0.00058 ( 1)
 844 I   0.77318 0.00244 0.22365 0.00072 ( 1)
 845 A   0.77281 0.00248 0.22397 0.00073 ( 1)
 846 A   0.77281 0.00248 0.22397 0.00073 ( 1)
 847 R   0.76732 0.00651 0.22425 0.00193 ( 1)
 848 D   0.77028 0.00321 0.22556 0.00095 ( 1)
 849 L   0.76188 0.01090 0.22398 0.00323 ( 1)
 850 I   0.77217 0.00345 0.22336 0.00102 ( 1)
 851 C   0.77145 0.00308 0.22456 0.00091 ( 1)
 852 A   0.76847 0.00533 0.22462 0.00158 ( 1)
 853 Q   0.76573 0.00768 0.22431 0.00227 ( 1)
 854 K   0.76484 0.00846 0.22421 0.00250 ( 1)
 855 F   0.76859 0.00676 0.22265 0.00200 ( 1)
 856 N   0.77031 0.00322 0.22552 0.00095 ( 1)
 857 G   0.76219 0.01064 0.22402 0.00315 ( 1)
 858 L   0.77002 0.00477 0.22380 0.00141 ( 1)
 859 T   0.77101 0.00434 0.22337 0.00128 ( 1)
 860 V   0.77278 0.00266 0.22377 0.00079 ( 1)
 861 L   0.75569 0.01714 0.22210 0.00507 ( 1)
 862 P   0.76206 0.01129 0.22331 0.00334 ( 1)
 863 P   0.77142 0.00313 0.22453 0.00092 ( 1)
 864 L   0.75989 0.01295 0.22334 0.00383 ( 1)
 865 L   0.75920 0.01359 0.22320 0.00402 ( 1)
 866 T   0.76773 0.00611 0.22435 0.00181 ( 1)
 867 D   0.77390 0.00195 0.22358 0.00058 ( 1)
 868 E   0.77043 0.00393 0.22447 0.00116 ( 1)
 869 M   0.77004 0.00403 0.22474 0.00119 ( 1)
 870 I   0.77198 0.00364 0.22331 0.00108 ( 1)
 871 A   0.77281 0.00248 0.22397 0.00073 ( 1)
 872 Q   0.76573 0.00768 0.22431 0.00227 ( 1)
 873 Y   0.75971 0.01312 0.22329 0.00388 ( 1)
 874 T   0.77286 0.00250 0.22390 0.00074 ( 1)
 875 S   0.77180 0.00302 0.22428 0.00089 ( 1)
 876 A   0.76761 0.00619 0.22436 0.00183 ( 1)
 877 L   0.75837 0.01384 0.22370 0.00409 ( 1)
 878 L   0.75046 0.02297 0.21978 0.00679 ( 1)
 879 A   0.02883 0.02798 0.93492 0.00828 ( 3)
 880 G   0.77105 0.00386 0.22394 0.00114 ( 1)
 881 T   0.76773 0.00611 0.22435 0.00181 ( 1)
 882 I   0.76341 0.00977 0.22394 0.00289 ( 1)
 883 T   0.77155 0.00380 0.22352 0.00112 ( 1)
 884 S   0.77013 0.00469 0.22379 0.00139 ( 1)
 885 G   0.77247 0.00245 0.22435 0.00072 ( 1)
 886 W   0.75390 0.01856 0.22206 0.00549 ( 1)
 887 T   0.76445 0.00854 0.22448 0.00253 ( 1)
 888 F   0.77319 0.00218 0.22399 0.00064 ( 1)
 889 G   0.77247 0.00245 0.22435 0.00072 ( 1)
 890 A   0.76761 0.00619 0.22436 0.00183 ( 1)
 891 G   0.77105 0.00386 0.22394 0.00114 ( 1)
 892 A   0.77281 0.00248 0.22397 0.00073 ( 1)
 893 A   0.77047 0.00334 0.22520 0.00099 ( 1)
 894 L   0.76551 0.00795 0.22419 0.00235 ( 1)
 895 Q   0.76573 0.00768 0.22431 0.00227 ( 1)
 896 I   0.76919 0.00500 0.22434 0.00148 ( 1)
 897 P   0.76356 0.00979 0.22375 0.00290 ( 1)
 898 F   0.77319 0.00218 0.22399 0.00064 ( 1)
 899 A   0.76976 0.00552 0.22309 0.00163 ( 1)
 900 M   0.77004 0.00403 0.22474 0.00119 ( 1)
 901 Q   0.76573 0.00768 0.22431 0.00227 ( 1)
 902 M   0.77004 0.00403 0.22474 0.00119 ( 1)
 903 A   0.77281 0.00248 0.22397 0.00073 ( 1)
 904 Y   0.77029 0.00463 0.22372 0.00137 ( 1)
 905 R   0.76034 0.01252 0.22344 0.00370 ( 1)
 906 F   0.77319 0.00218 0.22399 0.00064 ( 1)
 907 N   0.77392 0.00198 0.22351 0.00059 ( 1)
 908 G   0.77054 0.00438 0.22379 0.00129 ( 1)
 909 I   0.77318 0.00244 0.22365 0.00072 ( 1)
 910 G   0.76566 0.00777 0.22427 0.00230 ( 1)
 911 V   0.77163 0.00381 0.22344 0.00113 ( 1)
 912 T   0.76906 0.00479 0.22474 0.00142 ( 1)
 913 Q   0.75729 0.01536 0.22281 0.00454 ( 1)
 914 N   0.77392 0.00198 0.22351 0.00059 ( 1)
 915 V   0.77278 0.00266 0.22377 0.00079 ( 1)
 916 L   0.76018 0.01260 0.22348 0.00373 ( 1)
 917 Y   0.77190 0.00302 0.22419 0.00089 ( 1)
 918 E   0.76435 0.00888 0.22414 0.00263 ( 1)
 919 N   0.76856 0.00497 0.22501 0.00147 ( 1)
 920 Q   0.76297 0.01044 0.22350 0.00309 ( 1)
 921 K   0.77062 0.00381 0.22444 0.00113 ( 1)
 922 L   0.76086 0.01198 0.22362 0.00354 ( 1)
 923 I   0.77318 0.00244 0.22365 0.00072 ( 1)
 924 A   0.76132 0.01165 0.22359 0.00345 ( 1)
 925 N   0.76856 0.00497 0.22501 0.00147 ( 1)
 926 Q   0.75916 0.01424 0.22239 0.00421 ( 1)
 927 F   0.77191 0.00345 0.22361 0.00102 ( 1)
 928 N   0.77308 0.00283 0.22326 0.00084 ( 1)
 929 S   0.77345 0.00183 0.22417 0.00054 ( 1)
 930 A   0.77281 0.00248 0.22397 0.00073 ( 1)
 931 I   0.77318 0.00244 0.22365 0.00072 ( 1)
 932 G   0.75984 0.01299 0.22333 0.00384 ( 1)
 933 K   0.77062 0.00381 0.22444 0.00113 ( 1)
 934 I   0.77252 0.00310 0.22346 0.00092 ( 1)
 935 Q   0.76297 0.01044 0.22350 0.00309 ( 1)
 936 D   0.76845 0.00504 0.22502 0.00149 ( 1)
 937 S   0.76203 0.01106 0.22364 0.00327 ( 1)
 938 L   0.77202 0.00278 0.22438 0.00082 ( 1)
 939 S   0.77013 0.00469 0.22379 0.00139 ( 1)
 940 S   0.76798 0.00483 0.22576 0.00143 ( 1)
 941 T   0.76551 0.00833 0.22370 0.00246 ( 1)
 942 A   0.76897 0.00484 0.22476 0.00143 ( 1)
 943 S   0.77345 0.00183 0.22417 0.00054 ( 1)
 944 A   0.76761 0.00619 0.22436 0.00183 ( 1)
 945 L   0.77202 0.00278 0.22438 0.00082 ( 1)
 946 G   0.76770 0.00574 0.22486 0.00170 ( 1)
 947 K   0.77062 0.00381 0.22444 0.00113 ( 1)
 948 L   0.77202 0.00278 0.22438 0.00082 ( 1)
 949 Q   0.76573 0.00768 0.22431 0.00227 ( 1)
 950 D   0.77299 0.00285 0.22331 0.00084 ( 1)
 951 V   0.76509 0.00748 0.22522 0.00221 ( 1)
 952 V   0.76438 0.00864 0.22442 0.00256 ( 1)
 953 N   0.76856 0.00497 0.22501 0.00147 ( 1)
 954 Q   0.76573 0.00768 0.22431 0.00227 ( 1)
 955 N   0.77392 0.00198 0.22351 0.00059 ( 1)
 956 A   0.76761 0.00619 0.22436 0.00183 ( 1)
 957 Q   0.76297 0.01044 0.22350 0.00309 ( 1)
 958 A   0.77281 0.00248 0.22397 0.00073 ( 1)
 959 L   0.76551 0.00795 0.22419 0.00235 ( 1)
 960 N   0.76633 0.00719 0.22435 0.00213 ( 1)
 961 T   0.76075 0.01179 0.22397 0.00349 ( 1)
 962 L   0.77202 0.00278 0.22438 0.00082 ( 1)
 963 V   0.77163 0.00381 0.22344 0.00113 ( 1)
 964 K   0.77062 0.00381 0.22444 0.00113 ( 1)
 965 Q   0.76573 0.00768 0.22431 0.00227 ( 1)
 966 L   0.77202 0.00278 0.22438 0.00082 ( 1)
 967 S   0.76715 0.00599 0.22509 0.00177 ( 1)
 968 S   0.75926 0.01354 0.22320 0.00401 ( 1)
 969 N   0.77392 0.00198 0.22351 0.00059 ( 1)
 970 F   0.77319 0.00218 0.22399 0.00064 ( 1)
 971 G   0.76833 0.00657 0.22315 0.00194 ( 1)
 972 A   0.77047 0.00334 0.22520 0.00099 ( 1)
 973 I   0.77318 0.00244 0.22365 0.00072 ( 1)
 974 S   0.76235 0.01074 0.22374 0.00318 ( 1)
 975 S   0.77239 0.00288 0.22387 0.00085 ( 1)
 976 V   0.76333 0.01207 0.22103 0.00357 ( 1)
 977 L   0.75046 0.02297 0.21978 0.00679 ( 1)
 978 N   0.77392 0.00198 0.22351 0.00059 ( 1)
 979 D   0.77390 0.00195 0.22358 0.00058 ( 1)
 980 I   0.76698 0.00620 0.22499 0.00183 ( 1)
 981 L   0.77202 0.00278 0.22438 0.00082 ( 1)
 982 S   0.29722 0.47500 0.08725 0.14052 ( 2)
 983 R   0.76974 0.00431 0.22468 0.00127 ( 1)
 984 L   0.77065 0.00414 0.22398 0.00122 ( 1)
 985 D   0.76609 0.00739 0.22433 0.00218 ( 1)
 986 K   0.77062 0.00381 0.22444 0.00113 ( 1)
 987 V   0.77278 0.00266 0.22377 0.00079 ( 1)
 988 E   0.76435 0.00888 0.22414 0.00263 ( 1)
 989 A   0.77281 0.00248 0.22397 0.00073 ( 1)
 990 E   0.77043 0.00393 0.22447 0.00116 ( 1)
 991 V   0.75557 0.01699 0.22242 0.00503 ( 1)
 992 Q   0.76442 0.00899 0.22393 0.00266 ( 1)
 993 I   0.77318 0.00244 0.22365 0.00072 ( 1)
 994 D   0.77287 0.00297 0.22328 0.00088 ( 1)
 995 R   0.76034 0.01252 0.22344 0.00370 ( 1)
 996 L   0.76086 0.01198 0.22362 0.00354 ( 1)
 997 I   0.76341 0.00977 0.22394 0.00289 ( 1)
 998 T   0.76773 0.00611 0.22435 0.00181 ( 1)
 999 G   0.76219 0.01064 0.22402 0.00315 ( 1)
1000 R   0.76846 0.00537 0.22458 0.00159 ( 1)
1001 L   0.77002 0.00477 0.22380 0.00141 ( 1)
1002 Q   0.76297 0.01044 0.22350 0.00309 ( 1)
1003 S   0.77239 0.00288 0.22387 0.00085 ( 1)
1004 L   0.72429 0.04849 0.21287 0.01435 ( 1)
1005 Q   0.75976 0.01289 0.22354 0.00381 ( 1)
1006 T   0.76906 0.00479 0.22474 0.00142 ( 1)
1007 Y   0.77190 0.00302 0.22419 0.00089 ( 1)
1008 V   0.75557 0.01699 0.22242 0.00503 ( 1)
1009 T   0.77206 0.00330 0.22367 0.00098 ( 1)
1010 Q   0.76573 0.00768 0.22431 0.00227 ( 1)
1011 Q   0.76573 0.00768 0.22431 0.00227 ( 1)
1012 L   0.76551 0.00795 0.22419 0.00235 ( 1)
1013 I   0.77217 0.00345 0.22336 0.00102 ( 1)
1014 R   0.76846 0.00537 0.22458 0.00159 ( 1)
1015 A   0.77195 0.00334 0.22372 0.00099 ( 1)
1016 A   0.76761 0.00619 0.22436 0.00183 ( 1)
1017 E   0.77043 0.00393 0.22447 0.00116 ( 1)
1018 I   0.76341 0.00977 0.22394 0.00289 ( 1)
1019 R   0.76846 0.00537 0.22458 0.00159 ( 1)
1020 A   0.77281 0.00248 0.22397 0.00073 ( 1)
1021 S   0.77180 0.00302 0.22428 0.00089 ( 1)
1022 A   0.77150 0.00379 0.22359 0.00112 ( 1)
1023 N   0.77392 0.00198 0.22351 0.00059 ( 1)
1024 L   0.77202 0.00278 0.22438 0.00082 ( 1)
1025 A   0.77281 0.00248 0.22397 0.00073 ( 1)
1026 A   0.77195 0.00334 0.22372 0.00099 ( 1)
1027 T   0.77206 0.00330 0.22367 0.00098 ( 1)
1028 K   0.77062 0.00381 0.22444 0.00113 ( 1)
1029 M   0.77004 0.00403 0.22474 0.00119 ( 1)
1030 S   0.76567 0.00742 0.22471 0.00219 ( 1)
1031 E   0.76435 0.00888 0.22414 0.00263 ( 1)
1032 C   0.76911 0.00541 0.22388 0.00160 ( 1)
1033 V   0.76773 0.00617 0.22428 0.00182 ( 1)
1034 L   0.76432 0.01045 0.22214 0.00309 ( 1)
1035 G   0.76566 0.00777 0.22427 0.00230 ( 1)
1036 Q   0.76573 0.00768 0.22431 0.00227 ( 1)
1037 S   0.76567 0.00742 0.22471 0.00219 ( 1)
1038 K   0.77062 0.00381 0.22444 0.00113 ( 1)
1039 R   0.76846 0.00537 0.22458 0.00159 ( 1)
1040 V   0.77278 0.00266 0.22377 0.00079 ( 1)
1041 D   0.77390 0.00195 0.22358 0.00058 ( 1)
1042 F   0.77319 0.00218 0.22399 0.00064 ( 1)
1043 C   0.77145 0.00308 0.22456 0.00091 ( 1)
1044 G   0.76566 0.00777 0.22427 0.00230 ( 1)
1045 K   0.76812 0.00518 0.22517 0.00153 ( 1)
1046 G   0.75984 0.01299 0.22333 0.00384 ( 1)
1047 Y   0.77029 0.00463 0.22372 0.00137 ( 1)
1048 H   0.77284 0.00223 0.22427 0.00066 ( 1)
1049 L   0.75833 0.01642 0.22040 0.00486 ( 1)
1050 M   0.77004 0.00403 0.22474 0.00119 ( 1)
1051 S   0.76798 0.00483 0.22576 0.00143 ( 1)
1052 F   0.76429 0.00896 0.22411 0.00265 ( 1)
1053 P   0.77142 0.00313 0.22453 0.00092 ( 1)
1054 Q   0.75976 0.01289 0.22354 0.00381 ( 1)
1055 S   0.76203 0.01106 0.22364 0.00327 ( 1)
1056 A   0.76761 0.00619 0.22436 0.00183 ( 1)
1057 P   0.76836 0.00617 0.22365 0.00182 ( 1)
1058 H   0.77284 0.00223 0.22427 0.00066 ( 1)
1059 G   0.77247 0.00245 0.22435 0.00072 ( 1)
1060 V   0.76907 0.00483 0.22468 0.00143 ( 1)
1061 V   0.76616 0.00686 0.22495 0.00203 ( 1)
1062 F   0.76429 0.00896 0.22411 0.00265 ( 1)
1063 L   0.75989 0.01295 0.22334 0.00383 ( 1)
1064 H   0.77284 0.00223 0.22427 0.00066 ( 1)
1065 V   0.76368 0.00888 0.22481 0.00263 ( 1)
1066 T   0.77216 0.00319 0.22370 0.00094 ( 1)
1067 Y   0.77190 0.00302 0.22419 0.00089 ( 1)
1068 V   0.76438 0.00864 0.22442 0.00256 ( 1)
1069 P   0.77142 0.00313 0.22453 0.00092 ( 1)
1070 A   0.76761 0.00619 0.22436 0.00183 ( 1)
1071 Q   0.76573 0.00768 0.22431 0.00227 ( 1)
1072 E   0.77043 0.00393 0.22447 0.00116 ( 1)
1073 K   0.76484 0.00846 0.22421 0.00250 ( 1)
1074 N   0.76633 0.00719 0.22435 0.00213 ( 1)
1075 F   0.76735 0.00590 0.22500 0.00175 ( 1)
1076 T   0.76906 0.00479 0.22474 0.00142 ( 1)
1077 T   0.77286 0.00250 0.22390 0.00074 ( 1)
1078 A   0.77281 0.00248 0.22397 0.00073 ( 1)
1079 P   0.77142 0.00313 0.22453 0.00092 ( 1)
1080 A   0.76602 0.00695 0.22497 0.00206 ( 1)
1081 I   0.77318 0.00244 0.22365 0.00072 ( 1)
1082 C   0.77145 0.00308 0.22456 0.00091 ( 1)
1083 H   0.77284 0.00223 0.22427 0.00066 ( 1)
1084 D   0.59265 0.18223 0.17121 0.05391 ( 1)
1085 G   0.76566 0.00777 0.22427 0.00230 ( 1)
1086 K   0.77062 0.00381 0.22444 0.00113 ( 1)
1087 A   0.76761 0.00619 0.22436 0.00183 ( 1)
1088 H   0.76268 0.01039 0.22386 0.00307 ( 1)
1089 F   0.77191 0.00345 0.22361 0.00102 ( 1)
1090 P   0.77074 0.00380 0.22434 0.00112 ( 1)
1091 R   0.76974 0.00431 0.22468 0.00127 ( 1)
1092 E   0.77043 0.00393 0.22447 0.00116 ( 1)
1093 G   0.77247 0.00245 0.22435 0.00072 ( 1)
1094 V   0.76480 0.00823 0.22454 0.00243 ( 1)
1095 F   0.76859 0.00676 0.22265 0.00200 ( 1)
1096 V   0.77278 0.00266 0.22377 0.00079 ( 1)
1097 S   0.76203 0.01106 0.22364 0.00327 ( 1)
1098 N   0.77392 0.00198 0.22351 0.00059 ( 1)
1099 G   0.75984 0.01299 0.22333 0.00384 ( 1)
1100 T   0.76906 0.00479 0.22474 0.00142 ( 1)
1101 H   0.76644 0.00663 0.22497 0.00196 ( 1)
1102 W   0.75390 0.01856 0.22206 0.00549 ( 1)
1103 F   0.77319 0.00218 0.22399 0.00064 ( 1)
1104 V   0.54108 0.23216 0.15807 0.06868 ( 1)
1105 T   0.76773 0.00611 0.22435 0.00181 ( 1)
1106 Q   0.76573 0.00768 0.22431 0.00227 ( 1)
1107 R   0.76034 0.01252 0.22344 0.00370 ( 1)
1108 N   0.77392 0.00198 0.22351 0.00059 ( 1)
1109 F   0.77319 0.00218 0.22399 0.00064 ( 1)
1110 Y   0.77190 0.00302 0.22419 0.00089 ( 1)
1111 E   0.77043 0.00393 0.22447 0.00116 ( 1)
1112 P   0.76707 0.00629 0.22477 0.00186 ( 1)
1113 Q   0.76573 0.00768 0.22431 0.00227 ( 1)
1114 I   0.76926 0.00392 0.22566 0.00116 ( 1)
1115 I   0.77318 0.00244 0.22365 0.00072 ( 1)
1116 T   0.76851 0.00683 0.22264 0.00202 ( 1)
1117 T   0.76906 0.00479 0.22474 0.00142 ( 1)
1118 D   0.37428 0.39827 0.10963 0.11782 ( 2)
1119 N   0.76633 0.00719 0.22435 0.00213 ( 1)
1120 T   0.76773 0.00611 0.22435 0.00181 ( 1)
1121 F   0.77191 0.00345 0.22361 0.00102 ( 1)
1122 V   0.76118 0.01138 0.22407 0.00337 ( 1)
1123 S   0.77180 0.00302 0.22428 0.00089 ( 1)
1124 G   0.77247 0.00245 0.22435 0.00072 ( 1)
1125 N   0.29933 0.47308 0.08763 0.13995 ( 2)
1126 C   0.77145 0.00308 0.22456 0.00091 ( 1)
1127 D   0.77390 0.00195 0.22358 0.00058 ( 1)
1128 V   0.77278 0.00266 0.22377 0.00079 ( 1)
1129 V   0.76773 0.00617 0.22428 0.00182 ( 1)
1130 I   0.76986 0.00433 0.22453 0.00128 ( 1)
1131 G   0.76566 0.00777 0.22427 0.00230 ( 1)
1132 I   0.77252 0.00310 0.22346 0.00092 ( 1)
1133 V   0.76182 0.01120 0.22367 0.00331 ( 1)
1134 N   0.76633 0.00719 0.22435 0.00213 ( 1)
1135 N   0.76633 0.00719 0.22435 0.00213 ( 1)
1136 T   0.76773 0.00611 0.22435 0.00181 ( 1)
1137 V   0.77278 0.00266 0.22377 0.00079 ( 1)
1138 Y   0.77190 0.00302 0.22419 0.00089 ( 1)
1139 D   0.77390 0.00195 0.22358 0.00058 ( 1)
1140 P   0.77142 0.00313 0.22453 0.00092 ( 1)
1141 L   0.75989 0.01295 0.22334 0.00383 ( 1)
1142 Q   0.76573 0.00768 0.22431 0.00227 ( 1)
1143 P   0.76714 0.00739 0.22329 0.00219 ( 1)
1144 E   0.76879 0.00557 0.22399 0.00165 ( 1)
1145 L   0.75577 0.01767 0.22133 0.00523 ( 1)
1146 D   0.76778 0.00570 0.22483 0.00169 ( 1)
1147 S   0.76203 0.01106 0.22364 0.00327 ( 1)
1148 F   0.76735 0.00590 0.22500 0.00175 ( 1)
1149 K   0.76484 0.00846 0.22421 0.00250 ( 1)
1150 E   0.76435 0.00888 0.22414 0.00263 ( 1)
1151 E   0.76435 0.00888 0.22414 0.00263 ( 1)
1152 L   0.76418 0.00928 0.22380 0.00274 ( 1)
1153 D   0.77299 0.00285 0.22331 0.00084 ( 1)
1154 K   0.77062 0.00381 0.22444 0.00113 ( 1)
1155 Y   0.76535 0.00954 0.22228 0.00282 ( 1)
1156 F   0.77191 0.00345 0.22361 0.00102 ( 1)
1157 K   0.76812 0.00518 0.22517 0.00153 ( 1)
1158 N   0.77392 0.00198 0.22351 0.00059 ( 1)
1159 H   0.77116 0.00390 0.22378 0.00115 ( 1)
1160 T   0.76773 0.00611 0.22435 0.00181 ( 1)
1161 S   0.76203 0.01106 0.22364 0.00327 ( 1)
1162 P   0.76605 0.00732 0.22447 0.00216 ( 1)
1163 D   0.77390 0.00195 0.22358 0.00058 ( 1)
1164 V   0.77207 0.00337 0.22357 0.00100 ( 1)
1165 D   0.77390 0.00195 0.22358 0.00058 ( 1)
1166 L   0.75046 0.02297 0.21978 0.00679 ( 1)
1167 G   0.77054 0.00438 0.22379 0.00129 ( 1)
1168 D   0.76609 0.00739 0.22433 0.00218 ( 1)
1169 I   0.76786 0.00532 0.22524 0.00157 ( 1)
1170 S   0.77180 0.00302 0.22428 0.00089 ( 1)
1171 G   0.75984 0.01299 0.22333 0.00384 ( 1)
1172 I   0.77252 0.00310 0.22346 0.00092 ( 1)
1173 N   0.77392 0.00198 0.22351 0.00059 ( 1)
1174 A   0.77281 0.00248 0.22397 0.00073 ( 1)
1175 S   0.75950 0.01358 0.22290 0.00402 ( 1)
1176 V   0.77163 0.00381 0.22344 0.00113 ( 1)
1177 V   0.76447 0.00941 0.22333 0.00278 ( 1)
1178 N   0.76800 0.00553 0.22484 0.00164 ( 1)
1179 I   0.77252 0.00310 0.22346 0.00092 ( 1)
1180 Q   0.76573 0.00768 0.22431 0.00227 ( 1)
1181 K   0.76949 0.00493 0.22411 0.00146 ( 1)
1182 E   0.77043 0.00393 0.22447 0.00116 ( 1)
1183 I   0.77318 0.00244 0.22365 0.00072 ( 1)
1184 D   0.76609 0.00739 0.22433 0.00218 ( 1)
1185 R   0.75507 0.01745 0.22232 0.00516 ( 1)
1186 L   0.75920 0.01359 0.22320 0.00402 ( 1)
1187 N   0.77392 0.00198 0.22351 0.00059 ( 1)
1188 E   0.76435 0.00888 0.22414 0.00263 ( 1)
1189 V   0.77278 0.00266 0.22377 0.00079 ( 1)
1190 A   0.76132 0.01165 0.22359 0.00345 ( 1)
1191 K   0.76812 0.00518 0.22517 0.00153 ( 1)
1192 N   0.77392 0.00198 0.22351 0.00059 ( 1)
1193 L   0.76215 0.01126 0.22326 0.00333 ( 1)
1194 N   0.77392 0.00198 0.22351 0.00059 ( 1)
1195 E   0.77043 0.00393 0.22447 0.00116 ( 1)
1196 S   0.77013 0.00469 0.22379 0.00139 ( 1)
1197 L   0.75920 0.01359 0.22320 0.00402 ( 1)
1198 I   0.76698 0.00620 0.22499 0.00183 ( 1)
1199 D   0.77299 0.00285 0.22331 0.00084 ( 1)
1200 L   0.76018 0.01260 0.22348 0.00373 ( 1)
1201 Q   0.76573 0.00768 0.22431 0.00227 ( 1)
1202 E   0.76879 0.00557 0.22399 0.00165 ( 1)
1203 L   0.77202 0.00278 0.22438 0.00082 ( 1)
1204 G   0.76566 0.00777 0.22427 0.00230 ( 1)
1205 K   0.76612 0.00717 0.22458 0.00212 ( 1)
1206 Y   0.77190 0.00302 0.22419 0.00089 ( 1)
1207 E   0.76512 0.00811 0.22436 0.00240 ( 1)
1208 Q   0.75976 0.01289 0.22354 0.00381 ( 1)
1209 Y   0.77029 0.00463 0.22372 0.00137 ( 1)
1210 I   0.76810 0.00609 0.22402 0.00180 ( 1)
1211 K   0.77062 0.00381 0.22444 0.00113 ( 1)
1212 W   0.75390 0.01856 0.22206 0.00549 ( 1)
1213 P   0.76707 0.00629 0.22477 0.00186 ( 1)
1214 W   0.75390 0.01856 0.22206 0.00549 ( 1)
1215 Y   0.75971 0.01312 0.22329 0.00388 ( 1)
1216 I   0.77318 0.00244 0.22365 0.00072 ( 1)
1217 W   0.75390 0.01856 0.22206 0.00549 ( 1)
1218 L   0.76522 0.00776 0.22472 0.00230 ( 1)
1219 G   0.77247 0.00245 0.22435 0.00072 ( 1)
1220 F   0.77319 0.00218 0.22399 0.00064 ( 1)
1221 I   0.76919 0.00500 0.22434 0.00148 ( 1)
1222 A   0.77281 0.00248 0.22397 0.00073 ( 1)
1223 G   0.75893 0.01390 0.22306 0.00411 ( 1)
1224 L   0.75841 0.01442 0.22290 0.00427 ( 1)
1225 I   0.77318 0.00244 0.22365 0.00072 ( 1)
1226 A   0.76602 0.00695 0.22497 0.00206 ( 1)
1227 I   0.76810 0.00609 0.22402 0.00180 ( 1)
1228 V   0.36747 0.40528 0.10735 0.11990 ( 2)
1229 M   0.77004 0.00403 0.22474 0.00119 ( 1)
1230 V   0.76118 0.01138 0.22407 0.00337 ( 1)
1231 T   0.76621 0.00763 0.22390 0.00226 ( 1)
1232 I   0.77217 0.00345 0.22336 0.00102 ( 1)
1233 M   0.77004 0.00403 0.22474 0.00119 ( 1)
1234 L   0.77002 0.00477 0.22380 0.00141 ( 1)
1235 C   0.76394 0.00880 0.22466 0.00260 ( 1)
1236 C   0.77145 0.00308 0.22456 0.00091 ( 1)
1237 M   0.77004 0.00403 0.22474 0.00119 ( 1)
1238 T   0.76613 0.00686 0.22498 0.00203 ( 1)
1239 S   0.77345 0.00183 0.22417 0.00054 ( 1)
1240 C   0.75844 0.01429 0.22305 0.00423 ( 1)
1241 C   0.77014 0.00438 0.22418 0.00129 ( 1)
1242 S   0.77345 0.00183 0.22417 0.00054 ( 1)
1243 C   0.76911 0.00541 0.22388 0.00160 ( 1)
1244 L   0.75920 0.01359 0.22320 0.00402 ( 1)
1245 K   0.76484 0.00846 0.22421 0.00250 ( 1)
1246 G   0.76520 0.00763 0.22490 0.00226 ( 1)
1247 C   0.77145 0.00308 0.22456 0.00091 ( 1)
1248 C   0.76911 0.00541 0.22388 0.00160 ( 1)
1249 S   0.77180 0.00302 0.22428 0.00089 ( 1)
1250 C   0.76295 0.01155 0.22209 0.00342 ( 1)
1251 G   0.76770 0.00574 0.22486 0.00170 ( 1)
1252 S   0.76212 0.01068 0.22404 0.00316 ( 1)
1253 C   0.75844 0.01429 0.22305 0.00423 ( 1)
1254 C   0.75844 0.01429 0.22305 0.00423 ( 1)
1255 K   0.77062 0.00381 0.22444 0.00113 ( 1)
1256 F   0.77319 0.00218 0.22399 0.00064 ( 1)
1257 D   0.77390 0.00195 0.22358 0.00058 ( 1)
1258 E   0.77043 0.00393 0.22447 0.00116 ( 1)
1259 D   0.76609 0.00739 0.22433 0.00218 ( 1)
1260 D   0.76845 0.00504 0.22502 0.00149 ( 1)
1261 S   0.77013 0.00469 0.22379 0.00139 ( 1)
1262 E   0.76578 0.00746 0.22455 0.00221 ( 1)
1263 P   0.76707 0.00629 0.22477 0.00186 ( 1)
1264 V   0.76368 0.00888 0.22481 0.00263 ( 1)
1265 L   0.75726 0.01552 0.22263 0.00459 ( 1)
1266 K   0.77062 0.00381 0.22444 0.00113 ( 1)
1267 G   0.76566 0.00777 0.22427 0.00230 ( 1)
1268 V   0.76182 0.01120 0.22367 0.00331 ( 1)
1269 K   0.77062 0.00381 0.22444 0.00113 ( 1)
1270 L   0.76551 0.00795 0.22419 0.00235 ( 1)
1271 H   0.77284 0.00223 0.22427 0.00066 ( 1)
1272 Y   0.75971 0.01312 0.22329 0.00388 ( 1)
1273 T   0.76773 0.00611 0.22435 0.00181 ( 1)


lnL = -7471.512367

