

TREE # 1

  0  0.0000   9005.955637  x:  0.06307   0.04108   0.03722   0.02285   0.06771   0.01239   0.07212   0.09896   0.01689   0.02664   0.02161   0.08602   0.09104   0.04886   0.10718   0.04898   0.04146   2.00000   1.21716   0.04043   0.26934  
  1 99.0000   8496.485473  x:  0.04541   0.02364   0.01962   0.00766   0.05123   0.10394   0.08803   0.15429   0.00000   0.01008   0.00453   0.06924   0.07349   0.03116   0.09144   0.03250   0.02508   2.00021   1.21838   0.03928   0.25539  
  2 7718.3715   8417.572526  x:  0.04061   0.01891   0.01484   0.00346   0.04670   0.12216   0.09167   0.16737   0.01030   0.00570   0.00000   0.06467   0.06869   0.02633   0.08715   0.02800   0.02061   2.00027   1.21872   0.03896   0.25160  
  3 29342.4794   8361.566062  x:  0.03655   0.01487   0.01096   0.00000   0.04284   0.12017   0.09272   0.17254   0.01019   0.00298   0.00000   0.06090   0.06464   0.02224   0.08359   0.02423   0.01689   2.00031   1.21903   0.03867   0.24843  
  4 5888.4800   8221.209071  x:  0.02423   0.00275   0.00000   0.00000   0.03179   0.11573   0.09519   0.18543   0.01003   0.00692   0.00000   0.04971   0.05240   0.00989   0.07298   0.01305   0.00604   2.00046   1.22002   0.03771   0.23960  
  5 41524.2976   8188.423513  x:  0.02098   0.00000   0.00077   0.00000   0.02896   0.11467   0.09577   0.18854   0.00999   0.00771   0.00000   0.04678   0.04917   0.00663   0.07020   0.01015   0.00332   2.00050   1.22028   0.03744   0.23734  
  6 27553.2259   8142.374312  x:  0.01441   0.00000   0.00078   0.00000   0.02366   0.11435   0.09560   0.18956   0.00997   0.00789   0.00000   0.04135   0.04260   0.00000   0.06491   0.00559   0.00317   2.00058   1.22094   0.03677   0.23408  
  7 10283.0231   8075.792869  x:  0.00000   0.00000   0.00088   0.00000   0.01527   0.11362   0.09540   0.19184   0.00992   0.00814   0.00000   0.03117   0.02808   0.00000   0.05438   0.00718   0.00243   2.00078   1.22250   0.03515   0.22888  
  8 15880.3612   8009.275126  x:  0.00000   0.00000   0.00135   0.00000   0.01362   0.11204   0.09567   0.19652   0.00986   0.00817   0.00000   0.01922   0.00000   0.00000   0.03895   0.00492   0.00856   2.00113   1.22569   0.03181   0.22238  
  9 8939.5744   7977.620229  x:  0.00000   0.00000   0.00094   0.00000   0.01918   0.11248   0.09420   0.19519   0.00986   0.00621   0.00000   0.00904   0.00000   0.00000   0.01753   0.00000   0.00217   2.00179   1.23185   0.02533   0.21389  
 10 2902.4406   7977.620229  x:  0.00000   0.00000   0.00094   0.00000   0.01918   0.11248   0.09420   0.19519   0.00986   0.00621   0.00000   0.00904   0.00000   0.00000   0.01753   0.00000   0.00217   2.00179   1.23185   0.02533   0.21389  
 11 6904.6643   7972.126491  x:  0.00000   0.00000   0.00094   0.00000   0.01917   0.11248   0.09421   0.19520   0.00985   0.00621   0.00020   0.00904   0.00000   0.00000   0.01752   0.00150   0.00217   2.00179   1.23185   0.02533   0.21388  
 12 172253.1741   7962.523680  x:  0.00000   0.00000   0.00068   0.00000   0.01621   0.11235   0.09495   0.19864   0.00672   0.00373   0.00942   0.00698   0.00000   0.00000   0.01542   0.00048   0.00026   2.00183   1.23215   0.02504   0.21162  
 13 3967.8459   7950.977940  x:  0.00000   0.00000   0.00122   0.00000   0.01210   0.11216   0.09598   0.20343   0.00240   0.00073   0.01288   0.00434   0.00000   0.00000   0.01256   0.00009   0.00511   2.00189   1.23256   0.02462   0.20840  
 14 5039.5242   7942.880450  x:  0.00000   0.00000   0.00099   0.00000   0.00983   0.11206   0.09654   0.20610   0.00022   0.00127   0.01280   0.00320   0.00000   0.00000   0.01104   0.00010   0.00513   2.00192   1.23280   0.02438   0.20657  
 15 5013.0259   7927.481105  x:  0.00000   0.00000   0.00056   0.00000   0.00351   0.11177   0.09814   0.21357   0.00068   0.00129   0.01230   0.00057   0.00000   0.00000   0.00690   0.00016   0.00481   2.00201   1.23348   0.02371   0.20140  
 16 7652.9788   7921.467111  x:  0.00000   0.00000   0.00061   0.00000   0.00084   0.11164   0.09884   0.21691   0.00070   0.00114   0.01214   0.00101   0.00000   0.00000   0.00516   0.00018   0.00467   2.00205   1.23378   0.02341   0.19908  
 17 18974.9024   7920.291370  x:  0.00000   0.00000   0.00062   0.00018   0.00032   0.11161   0.09899   0.21761   0.00070   0.00111   0.01210   0.00109   0.00000   0.00000   0.00480   0.00018   0.00463   2.00206   1.23384   0.02335   0.19858  
 18 75799.7328   7910.652694  x:  0.00000   0.00000   0.00091   0.00026   0.00085   0.11129   0.10065   0.22544   0.00069   0.00078   0.01177   0.00135   0.00000   0.00000   0.00139   0.00022   0.00431   2.00216   1.23456   0.02263   0.19306  
 19 4873.6210   7580.656182  x:  0.00000   0.00000   0.00415   0.00083   0.00390   0.10019   0.15765   0.49482   0.00257   0.00315   0.00925   0.00443   0.00000   0.00000   0.00928   0.00049   0.00309   2.00551   1.25974  -0.00243   0.00000  
 20 10516.3496   7577.281826  x:  0.00000   0.00000   0.00249   0.00084   0.00397   0.10035   0.15850   0.49911   0.00202   0.00081   0.00821   0.00444   0.00000   0.00000   0.00973   0.00061   0.00216   2.00556   1.26050  -0.00319   0.00000  
 21 2404.5076   7576.614759  x:  0.00000   0.00000   0.00097   0.00087   0.00407   0.10077   0.15861   0.49997   0.00210   0.00091   0.00833   0.00469   0.00000   0.00000   0.00966   0.00060   0.00248   2.00557   1.26107  -0.00376   0.00000  
 22 762.0756   7549.067810  x:  0.00000   0.00000   0.00180   0.00087   0.00451   0.23248   0.14391   0.54286   0.00230   0.00119   0.00804   0.00492   0.00000   0.00000   0.01039   0.00063   0.00226   2.00594   1.41346  -0.15630   0.00000  
 23 345.2213   7519.076481  x:  0.00000   0.00000   0.00152   0.00084   0.00453   0.19426   0.05766   0.57590   0.00224   0.00098   0.00797   0.00488   0.00000   0.00000   0.01031   0.00064   0.00222   2.00465   1.58976  -0.33298   0.00000  
 24 431.2314   7491.195609  x:  0.00000   0.00000   0.00123   0.00086   0.00441   0.09546   0.12774   0.56812   0.00219   0.00083   0.00792   0.00488   0.00000   0.00000   0.01014   0.00064   0.00221   2.00167   1.82389  -0.56800   0.00000  
 25 566.7169   7487.933705  x:  0.00000   0.00000   0.00118   0.00087   0.00439   0.08032   0.13848   0.56693   0.00218   0.00081   0.00791   0.00488   0.00000   0.00000   0.01012   0.00064   0.00220   2.00120   1.85977  -0.60402   0.00506  
 26 15884.1925   7486.546950  x:  0.00000   0.00000   0.00119   0.00081   0.00428   0.08273   0.13945   0.57856   0.00215   0.00086   0.00782   0.00471   0.00000   0.00000   0.00927   0.00065   0.00213   1.73921   1.83240  -0.64343   0.00556  
 27  4.1588   7481.868279  x:  0.00000   0.00000   0.00103   0.00044   0.00345   0.09500   0.13767   0.62091   0.00177   0.00094   0.00738   0.00358   0.00000   0.00000   0.00418   0.00068   0.00173   1.87489   1.65190  -0.85437   0.00672  
 28  1.6526   7477.258569  x:  0.00000   0.00000   0.00081   0.00051   0.00355   0.10579   0.13496   0.62158   0.00154   0.00108   0.00471   0.00377   0.00000   0.00000   0.00589   0.00096   0.00028   1.90985   1.38325  -1.23958   0.00830  
 29  1.1848   7473.005878  x:  0.00000   0.00000   0.00059   0.00055   0.00344   0.10898   0.12636   0.62474   0.00121   0.00219   0.00112   0.00385   0.00000   0.00000   0.00731   0.00135   0.00129   1.95483   0.93857  -1.90369   0.01016  
 30  1.1007   7472.525802  x:  0.00000   0.00000   0.00090   0.00050   0.00325   0.10529   0.12443   0.62702   0.00105   0.00221   0.00057   0.00363   0.00000   0.00000   0.00693   0.00141   0.00115   1.94745   0.91886  -1.94763   0.00996  
 31  0.2052   7472.095444  x:  0.00000   0.00000   0.00104   0.00042   0.00299   0.09878   0.12321   0.62815   0.00087   0.00207   0.00100   0.00332   0.00000   0.00000   0.00612   0.00136   0.00104   1.92737   0.97832  -1.88995   0.00927  
 32  0.2267   7471.910409  x:  0.00000   0.00000   0.00071   0.00038   0.00281   0.09831   0.12379   0.62648   0.00072   0.00180   0.00084   0.00318   0.00000   0.00000   0.00581   0.00137   0.00093   1.91283   1.05097  -1.82304   0.00893  
 33  0.1843   7471.763752  x:  0.00000   0.00000   0.00090   0.00036   0.00262   0.10155   0.12634   0.61899   0.00070   0.00162   0.00087   0.00310   0.00000   0.00000   0.00592   0.00136   0.00088   1.90289   1.17525  -1.69935   0.00872  
 34  0.2065   7471.678122  x:  0.00000   0.00000   0.00080   0.00036   0.00245   0.10114   0.12537   0.61102   0.00092   0.00167   0.00082   0.00319   0.00000   0.00000   0.00619   0.00136   0.00084   1.90158   1.23845  -1.65978   0.00876  
 35  0.0456   7471.638589  x:  0.00000   0.00000   0.00084   0.00033   0.00222   0.10105   0.12389   0.60929   0.00088   0.00168   0.00086   0.00313   0.00000   0.00000   0.00605   0.00134   0.00085   1.90161   1.19106  -1.73338   0.00913  
 36  0.0533   7471.628266  x:  0.00000   0.00000   0.00081   0.00034   0.00220   0.10190   0.12355   0.60859   0.00082   0.00165   0.00087   0.00322   0.00000   0.00000   0.00615   0.00133   0.00089   1.90003   1.15132  -1.76973   0.00918  
 37  0.0237   7471.612698  x:  0.00000   0.00000   0.00084   0.00035   0.00210   0.10119   0.12398   0.60814   0.00081   0.00168   0.00086   0.00340   0.00000   0.00000   0.00602   0.00131   0.00088   1.89800   1.14686  -1.76203   0.00900  
 38  0.0022   7471.605647  x:  0.00000   0.00000   0.00082   0.00037   0.00210   0.10135   0.12428   0.60972   0.00084   0.00169   0.00084   0.00350   0.00000   0.00000   0.00603   0.00128   0.00087   1.90289   1.17453  -1.73613   0.00916  
 39  0.0136   7471.591036  x:  0.00000   0.00000   0.00085   0.00039   0.00201   0.10127   0.12367   0.61132   0.00080   0.00160   0.00086   0.00355   0.00000   0.00000   0.00612   0.00122   0.00085   1.90505   1.21853  -1.70156   0.00911  
 40  0.0101   7471.562653  x:  0.00000   0.00000   0.00086   0.00047   0.00203   0.10143   0.12420   0.61567   0.00085   0.00170   0.00088   0.00350   0.00000   0.00000   0.00618   0.00109   0.00088   1.90114   1.17040  -1.74999   0.00893  
 41  0.0153   7471.532454  x:  0.00000   0.00000   0.00079   0.00052   0.00184   0.10146   0.12472   0.61276   0.00084   0.00169   0.00083   0.00338   0.00000   0.00000   0.00611   0.00095   0.00088   1.90130   1.13045  -1.79187   0.00899  
 42  0.0202   7471.515844  x:  0.00000   0.00000   0.00083   0.00056   0.00190   0.10091   0.12449   0.61055   0.00083   0.00167   0.00082   0.00331   0.00000   0.00000   0.00615   0.00090   0.00088   1.90514   1.14850  -1.76006   0.00906  
 43  0.0201   7471.514072  x:  0.00000   0.00000   0.00084   0.00056   0.00192   0.10122   0.12414   0.61053   0.00084   0.00166   0.00083   0.00334   0.00000   0.00000   0.00609   0.00089   0.00087   1.90093   1.17703  -1.73322   0.00907  
 44  0.0200   7471.513103  x:  0.00000   0.00000   0.00083   0.00056   0.00194   0.10137   0.12394   0.60955   0.00083   0.00167   0.00083   0.00333   0.00000   0.00000   0.00606   0.00089   0.00088   1.90141   1.16647  -1.74708   0.00908  
 45  0.0070   7471.512975  x:  0.00000   0.00000   0.00083   0.00056   0.00194   0.10124   0.12408   0.60956   0.00083   0.00167   0.00083   0.00335   0.00000   0.00000   0.00606   0.00088   0.00088   1.90177   1.16594  -1.74852   0.00908  
 46  0.0011   7471.512955  x:  0.00000   0.00000   0.00083   0.00056   0.00195   0.10122   0.12411   0.60950   0.00083   0.00166   0.00083   0.00334   0.00000   0.00000   0.00606   0.00089   0.00087   1.90154   1.16536  -1.74924   0.00909  
 47  0.0006   7471.512843  x:  0.00000   0.00000   0.00083   0.00055   0.00196   0.10121   0.12409   0.60946   0.00084   0.00166   0.00083   0.00334   0.00000   0.00000   0.00605   0.00088   0.00087   1.90103   1.15872  -1.75622   0.00909  
 48  0.0012   7471.512495  x:  0.00000   0.00000   0.00083   0.00052   0.00198   0.10132   0.12400   0.60968   0.00083   0.00166   0.00083   0.00336   0.00000   0.00000   0.00606   0.00088   0.00088   1.90245   1.16283  -1.75106   0.00908  
 49  0.0014   7471.512369  x:  0.00000   0.00000   0.00083   0.00051   0.00199   0.10127   0.12407   0.60958   0.00083   0.00166   0.00083   0.00334   0.00000   0.00000   0.00606   0.00088   0.00088   1.90147   1.16482  -1.74968   0.00908  
 50  0.0015   7471.512368  x:  0.00000   0.00000   0.00083   0.00051   0.00199   0.10126   0.12407   0.60958   0.00083   0.00167   0.00083   0.00335   0.00000   0.00000   0.00606   0.00088   0.00088   1.90151   1.16513  -1.74936   0.00908  
 51  0.0006   7471.512367  x:  0.00000   0.00000   0.00083   0.00051   0.00199   0.10126   0.12407   0.60958   0.00083   0.00167   0.00083   0.00335   0.00000   0.00000   0.00606   0.00088   0.00088   1.90153   1.16524  -1.74926   0.00908  
 52  0.0002   7471.512367  x:  0.00000   0.00000   0.00083   0.00051   0.00199   0.10126   0.12407   0.60958   0.00083   0.00167   0.00083   0.00335   0.00000   0.00000   0.00606   0.00088   0.00088   1.90154   1.16526  -1.74923   0.00908  
 53  0.0000   7471.512367  x:  0.00000   0.00000   0.00083   0.00051   0.00199   0.10126   0.12407   0.60958   0.00083   0.00167   0.00083   0.00335   0.00000   0.00000   0.00606   0.00088   0.00088   1.90154   1.16513  -1.74936   0.00908  