

TREE # 1

  0  0.0000   5417.321958  x:  0.03134   0.02712   0.05761   0.02747   0.05603   0.02646   0.02261   0.01223   0.02882   2.00000   1.02534   0.07231   0.26200   2.08501  
  1 99.0000   5306.487802  x:  0.01946   0.01528   0.04567   0.01777   0.04482   0.01546   0.01247   0.00000   0.01663   1.99999   1.02533   0.07232   0.26151   2.08502  
  2 3251.0102   5196.767461  x:  0.00422   0.00057   0.02961   0.00946   0.02973   0.00180   0.00791   0.00000   0.00000   1.99999   1.02532   0.07232   0.26238   2.08502  
  3 53841.1460   5187.047410  x:  0.00141   0.00155   0.02623   0.00804   0.02655   0.00000   0.00702   0.00000   0.00000   1.99999   1.02532   0.07232   0.26252   2.08502  
  4 6550.7208   5183.241155  x:  0.00021   0.00174   0.02476   0.00743   0.02517   0.00007   0.00664   0.00000   0.00000   1.99999   1.02532   0.07232   0.26259   2.08502  
  5 18470.5986   5147.100598  x:  0.00055   0.00260   0.00705   0.00077   0.00855   0.00027   0.00307   0.00000   0.00000   1.99999   1.02531   0.07232   0.26349   2.08503  
  6 7010.8415   5138.245300  x:  0.00059   0.00268   0.00158   0.00126   0.00340   0.00030   0.00091   0.00000   0.00000   1.99999   1.02530   0.07232   0.26351   2.08503  
  7 13640.4765   5135.871775  x:  0.00058   0.00263   0.00038   0.00125   0.00142   0.00030   0.00114   0.00000   0.00000   1.99997   1.02529   0.07235   0.26153   2.08503  
  8 1083.9995   5135.533711  x:  0.00058   0.00263   0.00053   0.00125   0.00072   0.00030   0.00116   0.00000   0.00000   1.99997   1.02529   0.07235   0.26127   2.08503  
  9 1662.7743   5128.782337  x:  0.00130   0.00071   0.00150   0.00346   0.00195   0.00058   0.00323   0.00000   0.00000   1.84011   0.63136   0.33312   0.40401   2.19214  
 10  1.4530   5128.604252  x:  0.00123   0.00043   0.00140   0.00344   0.00177   0.00057   0.00320   0.00000   0.00000   1.81047   0.54162   0.38763   0.45138   2.22240  
 11  0.9412   5127.381290  x:  0.00115   0.00069   0.00085   0.00366   0.00065   0.00062   0.00328   0.00000   0.00000   1.59894  -0.09140   0.77050   0.60096   2.43735  
 12 23.6643   5127.054562  x:  0.00086   0.00089   0.00087   0.00392   0.00112   0.00061   0.00365   0.00000   0.00000   1.86598  -0.61977   0.91534   0.70046   2.76567  
 13  0.4054   5126.868698  x:  0.00073   0.00092   0.00065   0.00427   0.00080   0.00068   0.00399   0.00000   0.00000   1.88006  -1.12929   0.89504   0.80556   3.18619  
 14  0.4490   5126.719412  x:  0.00087   0.00086   0.00083   0.00453   0.00083   0.00083   0.00429   0.00000   0.00000   1.60891  -1.57228   0.54340   0.90141   3.74441  
 15  0.3865   5126.597439  x:  0.00084   0.00078   0.00087   0.00460   0.00082   0.00089   0.00442   0.00000   0.00000   1.77819  -1.94954   0.15800   1.00000   4.25109  
 16  0.5756   5126.452869  x:  0.00072   0.00061   0.00088   0.00449   0.00088   0.00102   0.00445   0.00000   0.00000   1.95889  -2.85799  -1.06219   1.00000   5.61880  
 17  1.2755   5126.327771  x:  0.00079   0.00080   0.00072   0.00407   0.00086   0.00104   0.00401   0.00000   0.00000   1.93610  -3.13173  -1.72892   1.00000   6.19643  
 18  0.3251   5126.292537  x:  0.00074   0.00081   0.00082   0.00405   0.00086   0.00108   0.00400   0.00000   0.00000   1.77105  -3.60999  -2.40883   1.00000   6.98245  
 19  0.5145   5126.262500  x:  0.00082   0.00079   0.00080   0.00411   0.00079   0.00112   0.00392   0.00000   0.00000   1.89598  -4.42031  -3.70075   1.00000   8.44798  
 20  0.4133   5126.222616  x:  0.00070   0.00083   0.00081   0.00426   0.00093   0.00105   0.00389   0.00000   0.00000   1.85806  -5.43843  -5.30243   1.00000  10.35081  
 21  0.8099   5126.184219  x:  0.00082   0.00081   0.00079   0.00447   0.00083   0.00095   0.00379   0.00000   0.00000   1.78225  -6.71980  -7.63221   1.00000  13.00478  
 22  1.2518   5126.168256  x:  0.00077   0.00079   0.00079   0.00445   0.00086   0.00084   0.00376   0.00000   0.00000   1.87743  -7.57198  -9.17432   1.00000  14.76347  
 23  1.0913   5126.143070  x:  0.00079   0.00078   0.00086   0.00421   0.00085   0.00081   0.00400   0.00000   0.00000   1.83033  -8.99104  -11.44672   1.00000  17.45019  
 24  0.6924   5126.132737  x:  0.00083   0.00082   0.00077   0.00415   0.00084   0.00083   0.00402   0.00000   0.00000   1.84549  -10.36331  -13.55484   1.00000  19.94279  
 25  1.3974   5126.116525  x:  0.00077   0.00079   0.00077   0.00432   0.00087   0.00080   0.00408   0.00000   0.00000   1.84442  -16.05525  -22.42638   1.00000  30.40765  
 26  2.1929   5126.100685  x:  0.00082   0.00080   0.00081   0.00415   0.00086   0.00088   0.00400   0.00000   0.00000   1.83687  -22.01023  -31.75843   1.00000  41.30793  
 27  5.5350   5126.092307  x:  0.00078   0.00079   0.00078   0.00425   0.00083   0.00084   0.00391   0.00000   0.00000   1.85271  -31.54068  -46.78646   1.00000  58.92760  
 28  8.2440   5126.085090  x:  0.00080   0.00080   0.00082   0.00419   0.00087   0.00086   0.00402   0.00000   0.00000   1.84293  -46.55556  -70.32014   1.00000  86.57057  
 29 12.0923   5126.080572  x:  0.00080   0.00080   0.00078   0.00421   0.00083   0.00085   0.00397   0.00000   0.00000   1.84796  -64.79636  -99.00000   1.00000  120.21179  
 30 17.8777   5126.080572  x:  0.00080   0.00080   0.00078   0.00421   0.00083   0.00085   0.00397   0.00000   0.00000   1.84796  -64.79636  -99.00000   1.00000  120.21179  
 31 30.0453   5126.080172  x:  0.00080   0.00080   0.00080   0.00421   0.00085   0.00085   0.00397   0.00000   0.00000   1.84796  -64.79636  -99.00000   1.00000  120.21179  
 32 34.2252   5126.080161  x:  0.00080   0.00080   0.00080   0.00421   0.00085   0.00085   0.00398   0.00000   0.00000   1.84796  -64.79636  -99.00000   1.00000  120.21179  
 33  3.6187   5126.080156  x:  0.00080   0.00080   0.00080   0.00421   0.00085   0.00085   0.00398   0.00000   0.00000   1.84796  -64.79636  -99.00000   1.00000  120.21179  
 34  3.7173   5126.080156  x:  0.00080   0.00080   0.00080   0.00421   0.00085   0.00085   0.00398   0.00000   0.00000   1.84796  -64.79636  -99.00000   1.00000  120.21179  
 35  0.1112   5126.080155  x:  0.00080   0.00080   0.00080   0.00421   0.00085   0.00085   0.00398   0.00000   0.00000   1.84796  -64.79636  -99.00000   1.00000  120.21179  
 36  5.4111   5126.080155  x:  0.00080   0.00080   0.00080   0.00421   0.00085   0.00085   0.00398   0.00000   0.00000   1.84796  -64.79636  -99.00000   1.00000  120.21179  
 37  0.6855   5126.080155  x:  0.00080   0.00080   0.00080   0.00421   0.00085   0.00085   0.00398   0.00000   0.00000   1.84796  -64.79636  -99.00000   1.00000  120.21179  
 38  0.0645   5126.080155  x:  0.00080   0.00080   0.00080   0.00421   0.00085   0.00085   0.00398   0.00000   0.00000   1.84796  -64.79636  -99.00000   1.00000  120.21179  
 39  0.0637   5126.080155  x:  0.00080   0.00080   0.00080   0.00421   0.00085   0.00085   0.00398   0.00000   0.00000   1.84796  -64.79636  -99.00000   1.00000  120.21179  
 40  0.0051   5126.080155  x:  0.00080   0.00080   0.00080   0.00421   0.00085   0.00085   0.00398   0.00000   0.00000   1.84796  -64.79636  -99.00000   1.00000  120.21179  
 41  0.0044   5126.080155  x:  0.00080   0.00080   0.00080   0.00421   0.00085   0.00085   0.00398   0.00000   0.00000   1.84796  -64.79636  -99.00000   1.00000  120.21179  
check convergence!
