Supplemental results for CODEML (seqf: Spropercds.txt  treef: sgene.tree)


MLEs of dN/dS (w) for site classes (K=2)

p:   0.94944  0.05056
w:   0.01063  1.00000

Naive Empirical Bayes (NEB) probabilities for 2 classes & postmean_w
(amino acids refer to 1st sequence: lclNC_045512.2_ref_gene_S/1-3717)

   1 M   0.99483 0.00517 ( 1)  0.016
   2 F   0.99723 0.00277 ( 1)  0.013
   3 V   0.99661 0.00339 ( 1)  0.014
   4 F   0.99723 0.00277 ( 1)  0.013
   5 L   0.99645 0.00355 ( 1)  0.014
   6 V   0.99661 0.00339 ( 1)  0.014
   7 L   0.98984 0.01016 ( 1)  0.021
   8 L   0.98347 0.01653 ( 1)  0.027
   9 P   0.98953 0.01047 ( 1)  0.021
  10 L   0.98492 0.01508 ( 1)  0.026
  11 V   0.98566 0.01434 ( 1)  0.025
  12 S   0.99614 0.00386 ( 1)  0.014
  13 S   0.99765 0.00235 ( 1)  0.013
  14 Q   0.98040 0.01960 ( 1)  0.030
  15 C   0.99606 0.00394 ( 1)  0.015
  16 V   0.99661 0.00339 ( 1)  0.014
  17 N   0.99748 0.00252 ( 1)  0.013
  18 L   0.99645 0.00355 ( 1)  0.014
  19 T   0.99219 0.00781 ( 1)  0.018
  20 T   0.98537 0.01463 ( 1)  0.025
  21 R   0.99313 0.00687 ( 1)  0.017
  22 T   0.99683 0.00317 ( 1)  0.014
  23 Q   0.99020 0.00980 ( 1)  0.020
  24 L   0.98986 0.01014 ( 1)  0.021
  25 P   0.98114 0.01886 ( 1)  0.029
  26 P   0.99601 0.00399 ( 1)  0.015
  27 A   0.99210 0.00790 ( 1)  0.018
  28 Y   0.98325 0.01675 ( 1)  0.027
  29 T   0.99683 0.00317 ( 1)  0.014
  30 N   0.99749 0.00251 ( 1)  0.013
  31 S   0.99615 0.00385 ( 1)  0.014
  32 F   0.98856 0.01144 ( 1)  0.022
  33 T   0.99221 0.00779 ( 1)  0.018
  34 R   0.99449 0.00551 ( 1)  0.016
  35 G   0.99687 0.00313 ( 1)  0.014
  36 V   0.99663 0.00337 ( 1)  0.014
  37 Y   0.99617 0.00383 ( 1)  0.014
  38 Y   0.98325 0.01675 ( 1)  0.027
  39 P   0.99601 0.00399 ( 1)  0.015
  40 D   0.99057 0.00943 ( 1)  0.020
  41 K   0.99514 0.00486 ( 1)  0.015
  42 V   0.99663 0.00337 ( 1)  0.014
  43 F   0.98856 0.01144 ( 1)  0.022
  44 R   0.99313 0.00687 ( 1)  0.017
  45 S   0.98270 0.01730 ( 1)  0.028
  46 S   0.98588 0.01412 ( 1)  0.025
  47 V   0.99663 0.00337 ( 1)  0.014
  48 L   0.98986 0.01014 ( 1)  0.021
  49 H   0.99716 0.00284 ( 1)  0.013
  50 S   0.98588 0.01412 ( 1)  0.025
  51 T   0.99683 0.00317 ( 1)  0.014
  52 Q   0.98042 0.01958 ( 1)  0.030
  53 D   0.99057 0.00943 ( 1)  0.020
  54 L   0.98349 0.01651 ( 1)  0.027
  55 F   0.98856 0.01144 ( 1)  0.022
  56 L   0.98986 0.01014 ( 1)  0.021
  57 P   0.99601 0.00399 ( 1)  0.015
  58 F   0.98856 0.01144 ( 1)  0.022
  59 F   0.99724 0.00276 ( 1)  0.013
  60 S   0.98270 0.01730 ( 1)  0.028
  61 N   0.99749 0.00251 ( 1)  0.013
  62 V   0.99663 0.00337 ( 1)  0.014
  63 T   0.99683 0.00317 ( 1)  0.014
  64 W   0.97634 0.02366 ( 1)  0.034
  65 F   0.98856 0.01144 ( 1)  0.022
  66 H   0.99716 0.00284 ( 1)  0.013
  67 A   0.99685 0.00315 ( 1)  0.014
  68 I   0.97898 0.02102 ( 1)  0.031
  69 H   0.94944 0.05056 ( 1)  0.061
  70 V   0.97135 0.02865 ( 1)  0.039
  71 S   0.99615 0.00385 ( 1)  0.014
  72 G   0.97573 0.02427 ( 1)  0.035
  73 T   0.98521 0.01479 ( 1)  0.025
  74 N   0.99739 0.00261 ( 1)  0.013
  75 G   0.99687 0.00313 ( 1)  0.014
  76 T   0.99683 0.00317 ( 1)  0.014
  77 K   0.98920 0.01080 ( 1)  0.021
  78 R   0.98402 0.01598 ( 1)  0.026
  79 F   0.99724 0.00276 ( 1)  0.013
  80 D   0.80983 0.19017 ( 1)  0.199
  81 N   0.99082 0.00918 ( 1)  0.020
  82 P   0.99601 0.00399 ( 1)  0.015
  83 V   0.98568 0.01432 ( 1)  0.025
  84 L   0.98494 0.01506 ( 1)  0.026
  85 P   0.98954 0.01046 ( 1)  0.021
  86 F   0.99724 0.00276 ( 1)  0.013
  87 N   0.99749 0.00251 ( 1)  0.013
  88 D   0.99753 0.00247 ( 1)  0.013
  89 G   0.99687 0.00313 ( 1)  0.014
  90 V   0.99663 0.00337 ( 1)  0.014
  91 Y   0.99617 0.00383 ( 1)  0.014
  92 F   0.99724 0.00276 ( 1)  0.013
  93 A   0.99685 0.00315 ( 1)  0.014
  94 S   0.98270 0.01730 ( 1)  0.028
  95 T   0.99683 0.00317 ( 1)  0.014
  96 E   0.98866 0.01134 ( 1)  0.022
  97 K   0.98920 0.01080 ( 1)  0.021
  98 S   0.99615 0.00385 ( 1)  0.014
  99 N   0.99082 0.00918 ( 1)  0.020
 100 I   0.99363 0.00637 ( 1)  0.017
 101 I   0.99363 0.00637 ( 1)  0.017
 102 R   0.99313 0.00687 ( 1)  0.017
 103 G   0.98340 0.01660 ( 1)  0.027
 104 W   0.97634 0.02366 ( 1)  0.034
 105 I   0.99691 0.00309 ( 1)  0.014
 106 F   0.99724 0.00276 ( 1)  0.013
 107 G   0.99687 0.00313 ( 1)  0.014
 108 T   0.99683 0.00317 ( 1)  0.014
 109 T   0.99683 0.00317 ( 1)  0.014
 110 L   0.98986 0.01014 ( 1)  0.021
 111 D   0.99753 0.00247 ( 1)  0.013
 112 S   0.97218 0.02782 ( 1)  0.038
 113 K   0.98920 0.01080 ( 1)  0.021
 114 T   0.98539 0.01461 ( 1)  0.025
 115 Q   0.98042 0.01958 ( 1)  0.030
 116 S   0.98270 0.01730 ( 1)  0.028
 117 L   0.98494 0.01506 ( 1)  0.026
 118 L   0.99646 0.00354 ( 1)  0.014
 119 I   0.99691 0.00309 ( 1)  0.014
 120 V   0.99663 0.00337 ( 1)  0.014
 121 N   0.99749 0.00251 ( 1)  0.013
 122 N   0.99082 0.00918 ( 1)  0.020
 123 A   0.99685 0.00315 ( 1)  0.014
 124 T   0.99683 0.00317 ( 1)  0.014
 125 N   0.99749 0.00251 ( 1)  0.013
 126 V   0.99663 0.00337 ( 1)  0.014
 127 V   0.99663 0.00337 ( 1)  0.014
 128 I   0.99691 0.00309 ( 1)  0.014
 129 K   0.99514 0.00486 ( 1)  0.015
 130 V   0.98568 0.01432 ( 1)  0.025
 131 C   0.99607 0.00393 ( 1)  0.015
 132 E   0.99499 0.00501 ( 1)  0.016
 133 F   0.99724 0.00276 ( 1)  0.013
 134 Q   0.99020 0.00980 ( 1)  0.020
 135 F   0.99724 0.00276 ( 1)  0.013
 136 C   0.99607 0.00393 ( 1)  0.015
 137 N   0.99749 0.00251 ( 1)  0.013
 138 D   0.99753 0.00247 ( 1)  0.013
 139 P   0.98954 0.01046 ( 1)  0.021
 140 F   0.99724 0.00276 ( 1)  0.013
 141 L   0.98349 0.01651 ( 1)  0.027
 142 G   0.99687 0.00313 ( 1)  0.014
 143 V   0.99562 0.00438 ( 1)  0.015
 144 Y   0.95679 0.04321 ( 1)  0.053
 145 Y   0.98346 0.01654 ( 1)  0.027
 146 H   0.99151 0.00849 ( 1)  0.019
 147 K   0.66871 0.33129 ( 1)  0.338
 148 N   0.99082 0.00918 ( 1)  0.020
 149 N   0.99365 0.00635 ( 1)  0.017
 150 K   0.99514 0.00486 ( 1)  0.015
 151 S   0.56727 0.43273 ( 1)  0.439
 152 W   0.97634 0.02366 ( 1)  0.034
 153 M   0.26583 0.73417 ( 2)  0.737
 154 E   0.99499 0.00501 ( 1)  0.016
 155 S   0.81137 0.18863 ( 1)  0.197
 156 E   0.98866 0.01134 ( 1)  0.022
 157 F   0.99244 0.00756 ( 1)  0.018
 158 R   0.99313 0.00687 ( 1)  0.017
 159 V   0.99663 0.00337 ( 1)  0.014
 160 Y   0.99439 0.00561 ( 1)  0.016
 161 S   0.99404 0.00596 ( 1)  0.017
 162 S   0.99766 0.00234 ( 1)  0.013
 163 A   0.98253 0.01747 ( 1)  0.028
 164 N   0.99642 0.00358 ( 1)  0.014
 165 N   0.99749 0.00251 ( 1)  0.013
 166 C   0.98175 0.01825 ( 1)  0.029
 167 T   0.99683 0.00317 ( 1)  0.014
 168 F   0.99562 0.00438 ( 1)  0.015
 169 E   0.99354 0.00646 ( 1)  0.017
 170 Y   0.99413 0.00587 ( 1)  0.016
 171 V   0.58012 0.41988 ( 1)  0.426
 172 S   0.99615 0.00385 ( 1)  0.014
 173 Q   0.98353 0.01647 ( 1)  0.027
 174 P   0.99601 0.00399 ( 1)  0.015
 175 F   0.99724 0.00276 ( 1)  0.013
 176 L   0.99646 0.00354 ( 1)  0.014
 177 M   0.99484 0.00516 ( 1)  0.016
 178 D   0.99057 0.00943 ( 1)  0.020
 179 L   0.99646 0.00354 ( 1)  0.014
 180 E   0.99499 0.00501 ( 1)  0.016
 181 G   0.99006 0.00994 ( 1)  0.020
 182 K   0.99318 0.00682 ( 1)  0.017
 183 Q   0.98353 0.01647 ( 1)  0.027
 184 G   0.99687 0.00313 ( 1)  0.014
 185 N   0.99749 0.00251 ( 1)  0.013
 186 F   0.99244 0.00756 ( 1)  0.018
 187 K   0.99318 0.00682 ( 1)  0.017
 188 N   0.99642 0.00358 ( 1)  0.014
 189 L   0.99646 0.00354 ( 1)  0.014
 190 R   0.98704 0.01296 ( 1)  0.023
 191 E   0.99290 0.00710 ( 1)  0.018
 192 F   0.99580 0.00420 ( 1)  0.015
 193 V   0.97831 0.02169 ( 1)  0.032
 194 F   0.99724 0.00276 ( 1)  0.013
 195 K   0.99083 0.00917 ( 1)  0.020
 196 N   0.99749 0.00251 ( 1)  0.013
 197 I   0.79160 0.20840 ( 1)  0.217
 198 D   0.99753 0.00247 ( 1)  0.013
 199 G   0.99687 0.00313 ( 1)  0.014
 200 Y   0.99617 0.00383 ( 1)  0.014
 201 F   0.99144 0.00856 ( 1)  0.019
 202 K   0.99318 0.00682 ( 1)  0.017
 203 I   0.99449 0.00551 ( 1)  0.016
 204 Y   0.99413 0.00587 ( 1)  0.016
 205 S   0.99615 0.00385 ( 1)  0.014
 206 K   0.99337 0.00663 ( 1)  0.017
 207 H   0.98915 0.01085 ( 1)  0.021
 208 T   0.98490 0.01510 ( 1)  0.026
 209 P   0.99601 0.00399 ( 1)  0.015
 210 I   0.99691 0.00309 ( 1)  0.014
 211 N   0.83459 0.16541 ( 1)  0.174
 212 L   0.98986 0.01014 ( 1)  0.021
 213 V   0.97831 0.02169 ( 1)  0.032
 214 R   0.99072 0.00928 ( 1)  0.020
 215 D   0.74402 0.25598 ( 1)  0.264
 216 L   0.98605 0.01395 ( 1)  0.024
 217 P   0.98512 0.01488 ( 1)  0.025
 218 Q   0.00025 0.99975 ( 2)  1.000
 219 G   0.99687 0.00313 ( 1)  0.014
 220 F   0.99724 0.00276 ( 1)  0.013
 221 S   0.45240 0.54760 ( 2)  0.552
 222 A   0.99576 0.00424 ( 1)  0.015
 223 L   0.98707 0.01293 ( 1)  0.023
 224 E   0.99499 0.00501 ( 1)  0.016
 225 P   0.98954 0.01046 ( 1)  0.021
 226 L   0.97835 0.02165 ( 1)  0.032
 227 V   0.98960 0.01040 ( 1)  0.021
 228 D   0.99639 0.00361 ( 1)  0.014
 229 L   0.97446 0.02554 ( 1)  0.036
 230 P   0.99195 0.00805 ( 1)  0.019
 231 I   0.99363 0.00637 ( 1)  0.017
 232 G   0.99687 0.00313 ( 1)  0.014
 233 I   0.99691 0.00309 ( 1)  0.014
 234 N   0.99365 0.00635 ( 1)  0.017
 235 I   0.99206 0.00794 ( 1)  0.018
 236 T   0.99518 0.00482 ( 1)  0.015
 237 R   0.98704 0.01296 ( 1)  0.023
 238 F   0.99562 0.00438 ( 1)  0.015
 239 Q   0.99020 0.00980 ( 1)  0.020
 240 T   0.98313 0.01687 ( 1)  0.027
 241 L   0.94944 0.05056 ( 1)  0.061
 242 L   0.94944 0.05056 ( 1)  0.061
 243 A   0.98672 0.01328 ( 1)  0.024
 244 L   0.98986 0.01014 ( 1)  0.021
 245 H   0.99716 0.00284 ( 1)  0.013
 246 R   0.99313 0.00687 ( 1)  0.017
 247 S   0.99633 0.00367 ( 1)  0.014
 248 Y   0.99617 0.00383 ( 1)  0.014
 249 L   0.93780 0.06220 ( 1)  0.072
 250 T   0.99582 0.00418 ( 1)  0.015
 251 P   0.99601 0.00399 ( 1)  0.015
 252 G   0.99687 0.00313 ( 1)  0.014
 253 D   0.03663 0.96337 ( 2)  0.964
 254 S   0.18193 0.81807 ( 2)  0.820
 255 S   0.00364 0.99636 ( 2)  0.996
 256 S   0.00652 0.99348 ( 2)  0.994
 257 G   0.99441 0.00559 ( 1)  0.016
 258 W   0.97632 0.02368 ( 1)  0.034
 259 T   0.99210 0.00790 ( 1)  0.018
 260 A   0.77010 0.22990 ( 1)  0.238
 261 G   0.99493 0.00507 ( 1)  0.016
 262 A   0.99674 0.00326 ( 1)  0.014
 263 A   0.99369 0.00631 ( 1)  0.017
 264 A   0.99674 0.00326 ( 1)  0.014
 265 Y   0.99394 0.00606 ( 1)  0.017
 266 Y   0.99605 0.00395 ( 1)  0.015
 267 V   0.98503 0.01497 ( 1)  0.025
 268 G   0.99677 0.00323 ( 1)  0.014
 269 Y   0.99394 0.00606 ( 1)  0.017
 270 L   0.99376 0.00624 ( 1)  0.017
 271 Q   0.99004 0.00996 ( 1)  0.020
 272 P   0.34070 0.65930 ( 2)  0.663
 273 R   0.98383 0.01617 ( 1)  0.027
 274 T   0.99672 0.00328 ( 1)  0.014
 275 F   0.99714 0.00286 ( 1)  0.013
 276 L   0.98453 0.01547 ( 1)  0.026
 277 L   0.98828 0.01172 ( 1)  0.022
 278 K   0.02914 0.97086 ( 2)  0.971
 279 Y   0.99394 0.00606 ( 1)  0.017
 280 N   0.99739 0.00261 ( 1)  0.013
 281 E   0.53631 0.46369 ( 1)  0.469
 282 N   0.99739 0.00261 ( 1)  0.013
 283 G   0.98989 0.01011 ( 1)  0.021
 284 T   0.98521 0.01479 ( 1)  0.025
 285 I   0.99679 0.00321 ( 1)  0.014
 286 T   0.99204 0.00796 ( 1)  0.019
 287 D   0.99743 0.00257 ( 1)  0.013
 288 A   0.99674 0.00326 ( 1)  0.014
 289 V   0.99371 0.00629 ( 1)  0.017
 290 D   0.99344 0.00656 ( 1)  0.017
 291 C   0.99596 0.00404 ( 1)  0.015
 292 A   0.45821 0.54179 ( 2)  0.547
 293 L   0.99376 0.00624 ( 1)  0.017
 294 D   0.99040 0.00960 ( 1)  0.020
 295 P   0.99590 0.00410 ( 1)  0.015
 296 L   0.99418 0.00582 ( 1)  0.016
 297 S   0.98569 0.01431 ( 1)  0.025
 298 E   0.99272 0.00728 ( 1)  0.018
 299 T   0.99204 0.00796 ( 1)  0.019
 300 K   0.98903 0.01097 ( 1)  0.021
 301 C   0.99293 0.00707 ( 1)  0.018
 302 T   0.98478 0.01522 ( 1)  0.026
 303 L   0.98766 0.01234 ( 1)  0.023
 304 K   0.99501 0.00499 ( 1)  0.016
 305 S   0.98252 0.01748 ( 1)  0.028
 306 F   0.45455 0.54545 ( 2)  0.550
 307 T   0.99566 0.00434 ( 1)  0.015
 308 V   0.99540 0.00460 ( 1)  0.015
 309 E   0.99485 0.00515 ( 1)  0.016
 310 K   0.99501 0.00499 ( 1)  0.016
 311 G   0.98989 0.01011 ( 1)  0.021
 312 I   0.99490 0.00510 ( 1)  0.016
 313 Y   0.99394 0.00606 ( 1)  0.017
 314 Q   0.98648 0.01352 ( 1)  0.024
 315 T   0.99502 0.00498 ( 1)  0.016
 316 S   0.99603 0.00397 ( 1)  0.015
 317 N   0.99066 0.00934 ( 1)  0.020
 318 F   0.99548 0.00452 ( 1)  0.015
 319 R   0.99311 0.00689 ( 1)  0.017
 320 V   0.99120 0.00880 ( 1)  0.019
 321 Q   0.99018 0.00982 ( 1)  0.020
 322 P   0.98953 0.01047 ( 1)  0.021
 323 T   0.99219 0.00781 ( 1)  0.018
 324 E   0.00019 0.99981 ( 2)  1.000
 325 S   0.01484 0.98516 ( 2)  0.985
 326 I   0.99606 0.00394 ( 1)  0.015
 327 V   0.99661 0.00339 ( 1)  0.014
 328 R   0.99313 0.00687 ( 1)  0.017
 329 F   0.99580 0.00420 ( 1)  0.015
 330 P   0.99516 0.00484 ( 1)  0.015
 331 N   0.99749 0.00251 ( 1)  0.013
 332 I   0.99691 0.00309 ( 1)  0.014
 333 T   0.99221 0.00779 ( 1)  0.018
 334 N   0.99082 0.00918 ( 1)  0.020
 335 L   0.98780 0.01220 ( 1)  0.023
 336 C   0.99394 0.00606 ( 1)  0.017
 337 P   0.99417 0.00583 ( 1)  0.016
 338 F   0.99724 0.00276 ( 1)  0.013
 339 G   0.99509 0.00491 ( 1)  0.015
 340 E   0.99499 0.00501 ( 1)  0.016
 341 V   0.99454 0.00546 ( 1)  0.016
 342 F   0.99724 0.00276 ( 1)  0.013
 343 N   0.99082 0.00918 ( 1)  0.020
 344 A   0.98849 0.01151 ( 1)  0.022
 345 T   0.36577 0.63423 ( 2)  0.638
 346 R   0.01444 0.98556 ( 2)  0.986
 347 F   0.99580 0.00420 ( 1)  0.015
 348 A   0.99210 0.00790 ( 1)  0.018
 349 S   0.98877 0.01123 ( 1)  0.022
 350 V   0.99663 0.00337 ( 1)  0.014
 351 Y   0.99617 0.00383 ( 1)  0.014
 352 A   0.99685 0.00315 ( 1)  0.014
 353 W   0.97634 0.02366 ( 1)  0.034
 354 N   0.99082 0.00918 ( 1)  0.020
 355 R   0.98519 0.01481 ( 1)  0.025
 356 K   0.98920 0.01080 ( 1)  0.021
 357 R   0.99313 0.00687 ( 1)  0.017
 358 I   0.99498 0.00502 ( 1)  0.016
 359 S   0.98760 0.01240 ( 1)  0.023
 360 N   0.99365 0.00635 ( 1)  0.017
 361 C   0.99607 0.00393 ( 1)  0.015
 362 V   0.99663 0.00337 ( 1)  0.014
 363 A   0.99685 0.00315 ( 1)  0.014
 364 D   0.99753 0.00247 ( 1)  0.013
 365 Y   0.98792 0.01208 ( 1)  0.023
 366 S   0.99615 0.00385 ( 1)  0.014
 367 V   0.98894 0.01106 ( 1)  0.022
 368 L   0.99007 0.00993 ( 1)  0.020
 369 Y   0.99617 0.00383 ( 1)  0.014
 370 N   0.99642 0.00358 ( 1)  0.014
 371 S   0.98947 0.01053 ( 1)  0.021
 372 A   0.48198 0.51802 ( 2)  0.523
 373 S   0.98588 0.01412 ( 1)  0.025
 374 F   0.99724 0.00276 ( 1)  0.013
 375 S   0.98633 0.01367 ( 1)  0.024
 376 T   0.99520 0.00480 ( 1)  0.015
 377 F   0.99724 0.00276 ( 1)  0.013
 378 K   0.99337 0.00663 ( 1)  0.017
 379 C   0.99607 0.00393 ( 1)  0.015
 380 Y   0.99617 0.00383 ( 1)  0.014
 381 G   0.99006 0.00994 ( 1)  0.020
 382 V   0.98861 0.01139 ( 1)  0.022
 383 S   0.99404 0.00596 ( 1)  0.017
 384 P   0.99601 0.00399 ( 1)  0.015
 385 T   0.99582 0.00418 ( 1)  0.015
 386 K   0.99514 0.00486 ( 1)  0.015
 387 L   0.97184 0.02816 ( 1)  0.038
 388 N   0.99749 0.00251 ( 1)  0.013
 389 D   0.99639 0.00361 ( 1)  0.014
 390 L   0.98957 0.01043 ( 1)  0.021
 391 C   0.98175 0.01825 ( 1)  0.029
 392 F   0.99562 0.00438 ( 1)  0.015
 393 T   0.99518 0.00482 ( 1)  0.015
 394 N   0.99749 0.00251 ( 1)  0.013
 395 V   0.99018 0.00982 ( 1)  0.020
 396 Y   0.99617 0.00383 ( 1)  0.014
 397 A   0.99210 0.00790 ( 1)  0.018
 398 D   0.99321 0.00679 ( 1)  0.017
 399 S   0.98588 0.01412 ( 1)  0.025
 400 F   0.99724 0.00276 ( 1)  0.013
 401 V   0.99191 0.00809 ( 1)  0.019
 402 I   0.79160 0.20840 ( 1)  0.217
 403 R   0.01444 0.98556 ( 2)  0.986
 404 G   0.99687 0.00313 ( 1)  0.014
 405 D   0.99639 0.00361 ( 1)  0.014
 406 E   0.99290 0.00710 ( 1)  0.018
 407 V   0.99121 0.00879 ( 1)  0.019
 408 R   0.99313 0.00687 ( 1)  0.017
 409 Q   0.99020 0.00980 ( 1)  0.020
 410 I   0.99318 0.00682 ( 1)  0.017
 411 A   0.99111 0.00889 ( 1)  0.019
 412 P   0.98750 0.01250 ( 1)  0.023
 413 G   0.98789 0.01211 ( 1)  0.023
 414 Q   0.99020 0.00980 ( 1)  0.020
 415 T   0.99683 0.00317 ( 1)  0.014
 416 G   0.99265 0.00735 ( 1)  0.018
 417 K   0.00002 0.99998 ( 2)  1.000
 418 I   0.99691 0.00309 ( 1)  0.014
 419 A   0.99685 0.00315 ( 1)  0.014
 420 D   0.99625 0.00375 ( 1)  0.014
 421 Y   0.99439 0.00561 ( 1)  0.016
 422 N   0.99642 0.00358 ( 1)  0.014
 423 Y   0.99617 0.00383 ( 1)  0.014
 424 K   0.99318 0.00682 ( 1)  0.017
 425 L   0.98146 0.01854 ( 1)  0.029
 426 P   0.98954 0.01046 ( 1)  0.021
 427 D   0.99753 0.00247 ( 1)  0.013
 428 D   0.99753 0.00247 ( 1)  0.013
 429 F   0.99724 0.00276 ( 1)  0.013
 430 T   0.99572 0.00428 ( 1)  0.015
 431 G   0.99479 0.00521 ( 1)  0.016
 432 C   0.99394 0.00606 ( 1)  0.017
 433 V   0.99663 0.00337 ( 1)  0.014
 434 I   0.99449 0.00551 ( 1)  0.016
 435 A   0.99685 0.00315 ( 1)  0.014
 436 W   0.97634 0.02366 ( 1)  0.034
 437 N   0.99642 0.00358 ( 1)  0.014
 438 S   0.99404 0.00596 ( 1)  0.017
 439 N   0.00001 0.99999 ( 2)  1.000
 440 N   0.02044 0.97956 ( 2)  0.980
 441 L   0.00398 0.99602 ( 2)  0.996
 442 D   0.99753 0.00247 ( 1)  0.013
 443 S   0.61556 0.38444 ( 1)  0.391
 444 K   0.00682 0.99318 ( 2)  0.993
 445 V   0.00004 0.99996 ( 2)  1.000
 446 G   0.99527 0.00473 ( 1)  0.015
 447 G   0.99687 0.00313 ( 1)  0.014
 448 N   0.99749 0.00251 ( 1)  0.013
 449 Y   0.65434 0.34566 ( 1)  0.353
 450 N   0.03469 0.96531 ( 2)  0.966
 451 Y   0.99389 0.00611 ( 1)  0.017
 452 L   0.97720 0.02280 ( 1)  0.033
 453 Y   0.99439 0.00561 ( 1)  0.016
 454 R   0.96960 0.03040 ( 1)  0.041
 455 L   0.94588 0.05412 ( 1)  0.064
 456 F   0.99724 0.00276 ( 1)  0.013
 457 R   0.99132 0.00868 ( 1)  0.019
 458 K   0.99012 0.00988 ( 1)  0.020
 459 S   0.65549 0.34451 ( 1)  0.351
 460 N   0.76158 0.23842 ( 1)  0.247
 461 L   0.99424 0.00576 ( 1)  0.016
 462 K   0.99514 0.00486 ( 1)  0.015
 463 P   0.99050 0.00950 ( 1)  0.020
 464 F   0.99724 0.00276 ( 1)  0.013
 465 E   0.98866 0.01134 ( 1)  0.022
 466 R   0.99169 0.00831 ( 1)  0.019
 467 D   0.99753 0.00247 ( 1)  0.013
 468 I   0.99540 0.00460 ( 1)  0.015
 469 S   0.98576 0.01424 ( 1)  0.025
 470 T   0.99683 0.00317 ( 1)  0.014
 471 E   0.99499 0.00501 ( 1)  0.016
 472 I   0.99318 0.00682 ( 1)  0.017
 473 Y   0.98792 0.01208 ( 1)  0.023
 474 Q   0.98814 0.01186 ( 1)  0.022
 475 A   0.98683 0.01317 ( 1)  0.024
 476 G   0.98737 0.01263 ( 1)  0.023
 477 S   0.45848 0.54152 ( 2)  0.546
 478 T   0.50459 0.49541 ( 1)  0.501
 479 P   0.99310 0.00690 ( 1)  0.017
 480 C   0.99607 0.00393 ( 1)  0.015
 481 N   0.99642 0.00358 ( 1)  0.014
 482 G   0.99687 0.00313 ( 1)  0.014
 483 V   0.00237 0.99763 ( 2)  0.998
 484 E   0.00000 1.00000 ( 2)  1.000
 485 G   0.99687 0.00313 ( 1)  0.014
 486 F   0.46166 0.53834 ( 2)  0.543
 487 N   0.99749 0.00251 ( 1)  0.013
 488 C   0.99443 0.00557 ( 1)  0.016
 489 Y   0.98993 0.01007 ( 1)  0.021
 490 F   0.60062 0.39938 ( 1)  0.406
 491 P   0.99516 0.00484 ( 1)  0.015
 492 L   0.97744 0.02256 ( 1)  0.033
 493 Q   0.00010 0.99990 ( 2)  1.000
 494 S   0.00667 0.99333 ( 2)  0.993
 495 Y   0.99617 0.00383 ( 1)  0.014
 496 G   0.99596 0.00404 ( 1)  0.015
 497 F   0.99541 0.00459 ( 1)  0.015
 498 Q   0.00726 0.99274 ( 2)  0.993
 499 P   0.98971 0.01029 ( 1)  0.021
 500 T   0.99683 0.00317 ( 1)  0.014
 501 N   0.00011 0.99989 ( 2)  1.000
 502 G   0.99687 0.00313 ( 1)  0.014
 503 V   0.99663 0.00337 ( 1)  0.014
 504 G   0.02725 0.97275 ( 2)  0.973
 505 Y   0.33872 0.66128 ( 2)  0.665
 506 Q   0.99020 0.00980 ( 1)  0.020
 507 P   0.99492 0.00508 ( 1)  0.016
 508 Y   0.62688 0.37312 ( 1)  0.380
 509 R   0.99169 0.00831 ( 1)  0.019
 510 V   0.98960 0.01040 ( 1)  0.021
 511 V   0.99384 0.00616 ( 1)  0.017
 512 V   0.99384 0.00616 ( 1)  0.017
 513 L   0.97913 0.02087 ( 1)  0.031
 514 S   0.99404 0.00596 ( 1)  0.017
 515 F   0.99724 0.00276 ( 1)  0.013
 516 E   0.99290 0.00710 ( 1)  0.018
 517 L   0.97913 0.02087 ( 1)  0.031
 518 L   0.99007 0.00993 ( 1)  0.020
 519 H   0.62974 0.37026 ( 1)  0.377
 520 A   0.46866 0.53134 ( 2)  0.536
 521 P   0.98954 0.01046 ( 1)  0.021
 522 A   0.99382 0.00618 ( 1)  0.017
 523 T   0.99683 0.00317 ( 1)  0.014
 524 V   0.99663 0.00337 ( 1)  0.014
 525 C   0.99607 0.00393 ( 1)  0.015
 526 G   0.99006 0.00994 ( 1)  0.020
 527 P   0.99310 0.00690 ( 1)  0.017
 528 K   0.99372 0.00628 ( 1)  0.017
 529 K   0.00727 0.99273 ( 2)  0.993
 530 S   0.99615 0.00385 ( 1)  0.014
 531 T   0.99582 0.00418 ( 1)  0.015
 532 N   0.45237 0.54763 ( 2)  0.552
 533 L   0.98160 0.01840 ( 1)  0.029
 534 V   0.99663 0.00337 ( 1)  0.014
 535 K   0.99514 0.00486 ( 1)  0.015
 536 N   0.61841 0.38159 ( 1)  0.388
 537 K   0.99514 0.00486 ( 1)  0.015
 538 C   0.99607 0.00393 ( 1)  0.015
 539 V   0.98568 0.01432 ( 1)  0.025
 540 N   0.99749 0.00251 ( 1)  0.013
 541 F   0.98856 0.01144 ( 1)  0.022
 542 N   0.99082 0.00918 ( 1)  0.020
 543 F   0.99541 0.00459 ( 1)  0.015
 544 N   0.99642 0.00358 ( 1)  0.014
 545 G   0.99687 0.00313 ( 1)  0.014
 546 L   0.98986 0.01014 ( 1)  0.021
 547 T   0.99572 0.00428 ( 1)  0.015
 548 G   0.98340 0.01660 ( 1)  0.027
 549 T   0.99221 0.00779 ( 1)  0.018
 550 G   0.99687 0.00313 ( 1)  0.014
 551 V   0.99499 0.00501 ( 1)  0.016
 552 L   0.99474 0.00526 ( 1)  0.016
 553 T   0.99357 0.00643 ( 1)  0.017
 554 E   0.00847 0.99153 ( 2)  0.992
 555 S   0.99615 0.00385 ( 1)  0.014
 556 N   0.63375 0.36625 ( 1)  0.373
 557 K   0.99514 0.00486 ( 1)  0.015
 558 K   0.41445 0.58555 ( 2)  0.590
 559 F   0.99724 0.00276 ( 1)  0.013
 560 L   0.97191 0.02809 ( 1)  0.038
 561 P   0.99601 0.00399 ( 1)  0.015
 562 F   0.99244 0.00756 ( 1)  0.018
 563 Q   0.99020 0.00980 ( 1)  0.020
 564 Q   0.99020 0.00980 ( 1)  0.020
 565 F   0.99724 0.00276 ( 1)  0.013
 566 G   0.99479 0.00521 ( 1)  0.016
 567 R   0.99313 0.00687 ( 1)  0.017
 568 D   0.99057 0.00943 ( 1)  0.020
 569 I   0.99563 0.00437 ( 1)  0.015
 570 A   0.01982 0.98018 ( 2)  0.980
 571 D   0.99057 0.00943 ( 1)  0.020
 572 T   0.99683 0.00317 ( 1)  0.014
 573 T   0.99683 0.00317 ( 1)  0.014
 574 D   0.99753 0.00247 ( 1)  0.013
 575 A   0.99520 0.00480 ( 1)  0.015
 576 V   0.98568 0.01432 ( 1)  0.025
 577 R   0.99449 0.00551 ( 1)  0.016
 578 D   0.99639 0.00361 ( 1)  0.014
 579 P   0.98954 0.01046 ( 1)  0.021
 580 Q   0.98042 0.01958 ( 1)  0.030
 581 T   0.99221 0.00779 ( 1)  0.018
 582 L   0.99646 0.00354 ( 1)  0.014
 583 E   0.52362 0.47638 ( 1)  0.482
 584 I   0.99608 0.00392 ( 1)  0.015
 585 L   0.99646 0.00354 ( 1)  0.014
 586 D   0.99057 0.00943 ( 1)  0.020
 587 I   0.99691 0.00309 ( 1)  0.014
 588 T   0.99103 0.00897 ( 1)  0.020
 589 P   0.99195 0.00805 ( 1)  0.019
 590 C   0.99312 0.00688 ( 1)  0.017
 591 S   0.99615 0.00385 ( 1)  0.014
 592 F   0.99724 0.00276 ( 1)  0.013
 593 G   0.99509 0.00491 ( 1)  0.015
 594 G   0.99509 0.00491 ( 1)  0.015
 595 V   0.99121 0.00879 ( 1)  0.019
 596 S   0.99766 0.00234 ( 1)  0.013
 597 V   0.99454 0.00546 ( 1)  0.016
 598 I   0.99363 0.00637 ( 1)  0.017
 599 T   0.99221 0.00779 ( 1)  0.018
 600 P   0.99064 0.00936 ( 1)  0.020
 601 G   0.99265 0.00735 ( 1)  0.018
 602 T   0.99221 0.00779 ( 1)  0.018
 603 N   0.99642 0.00358 ( 1)  0.014
 604 T   0.57868 0.42132 ( 1)  0.427
 605 S   0.99615 0.00385 ( 1)  0.014
 606 N   0.99365 0.00635 ( 1)  0.017
 607 Q   0.98353 0.01647 ( 1)  0.027
 608 V   0.99454 0.00546 ( 1)  0.016
 609 A   0.99685 0.00315 ( 1)  0.014
 610 V   0.99577 0.00423 ( 1)  0.015
 611 L   0.99646 0.00354 ( 1)  0.014
 612 Y   0.99413 0.00587 ( 1)  0.016
 613 Q   0.98353 0.01647 ( 1)  0.027
 614 D   0.01986 0.98014 ( 2)  0.980
 615 V   0.99663 0.00337 ( 1)  0.014
 616 N   0.99082 0.00918 ( 1)  0.020
 617 C   0.98872 0.01128 ( 1)  0.022
 618 T   0.99389 0.00611 ( 1)  0.017
 619 E   0.99499 0.00501 ( 1)  0.016
 620 V   0.98543 0.01457 ( 1)  0.025
 621 P   0.99601 0.00399 ( 1)  0.015
 622 V   0.32847 0.67153 ( 2)  0.675
 623 A   0.99509 0.00491 ( 1)  0.015
 624 I   0.99540 0.00460 ( 1)  0.015
 625 H   0.99716 0.00284 ( 1)  0.013
 626 A   0.99210 0.00790 ( 1)  0.018
 627 D   0.69808 0.30192 ( 1)  0.309
 628 Q   0.99020 0.00980 ( 1)  0.020
 629 L   0.99646 0.00354 ( 1)  0.014
 630 T   0.99582 0.00418 ( 1)  0.015
 631 P   0.99429 0.00571 ( 1)  0.016
 632 T   0.69661 0.30339 ( 1)  0.311
 633 W   0.97634 0.02366 ( 1)  0.034
 634 R   0.99449 0.00551 ( 1)  0.016
 635 V   0.99663 0.00337 ( 1)  0.014
 636 Y   0.98792 0.01208 ( 1)  0.023
 637 S   0.99434 0.00566 ( 1)  0.016
 638 T   0.56686 0.43314 ( 1)  0.439
 639 G   0.99509 0.00491 ( 1)  0.015
 640 S   0.61713 0.38287 ( 1)  0.389
 641 N   0.99749 0.00251 ( 1)  0.013
 642 V   0.99454 0.00546 ( 1)  0.016
 643 F   0.99724 0.00276 ( 1)  0.013
 644 Q   0.99020 0.00980 ( 1)  0.020
 645 T   0.99221 0.00779 ( 1)  0.018
 646 R   0.96703 0.03297 ( 1)  0.043
 647 A   0.99210 0.00790 ( 1)  0.018
 648 G   0.98669 0.01331 ( 1)  0.024
 649 C   0.99607 0.00393 ( 1)  0.015
 650 L   0.98986 0.01014 ( 1)  0.021
 651 I   0.60912 0.39088 ( 1)  0.397
 652 G   0.98730 0.01270 ( 1)  0.023
 653 A   0.99685 0.00315 ( 1)  0.014
 654 E   0.99290 0.00710 ( 1)  0.018
 655 H   0.99716 0.00284 ( 1)  0.013
 656 V   0.98568 0.01432 ( 1)  0.025
 657 N   0.99292 0.00708 ( 1)  0.018
 658 N   0.99365 0.00635 ( 1)  0.017
 659 S   0.98869 0.01131 ( 1)  0.022
 660 Y   0.99617 0.00383 ( 1)  0.014
 661 E   0.99045 0.00955 ( 1)  0.020
 662 C   0.99607 0.00393 ( 1)  0.015
 663 D   0.99057 0.00943 ( 1)  0.020
 664 I   0.99449 0.00551 ( 1)  0.016
 665 P   0.98971 0.01029 ( 1)  0.021
 666 I   0.71925 0.28075 ( 1)  0.288
 667 G   0.99687 0.00313 ( 1)  0.014
 668 A   0.99382 0.00618 ( 1)  0.017
 669 G   0.99193 0.00807 ( 1)  0.019
 670 I   0.99363 0.00637 ( 1)  0.017
 671 C   0.98872 0.01128 ( 1)  0.022
 672 A   0.99301 0.00699 ( 1)  0.018
 673 S   0.99766 0.00234 ( 1)  0.013
 674 Y   0.99413 0.00587 ( 1)  0.016
 675 Q   0.50269 0.49731 ( 1)  0.503
 676 T   0.62561 0.37439 ( 1)  0.381
 677 Q   0.00006 0.99994 ( 2)  1.000
 678 T   0.63187 0.36813 ( 1)  0.375
 679 N   0.94944 0.05056 ( 1)  0.061
 680 S   0.94944 0.05056 ( 1)  0.061
 681 P   0.94944 0.05056 ( 1)  0.061
 682 R   0.94944 0.05056 ( 1)  0.061
 683 R   0.94944 0.05056 ( 1)  0.061
 684 A   0.94944 0.05056 ( 1)  0.061
 685 R   0.99449 0.00551 ( 1)  0.016
 686 S   0.99766 0.00234 ( 1)  0.013
 687 V   0.98820 0.01180 ( 1)  0.022
 688 A   0.01365 0.98635 ( 2)  0.986
 689 S   0.00082 0.99918 ( 2)  0.999
 690 Q   0.22407 0.77593 ( 2)  0.778
 691 S   0.98947 0.01053 ( 1)  0.021
 692 I   0.99075 0.00925 ( 1)  0.020
 693 I   0.99691 0.00309 ( 1)  0.014
 694 A   0.99109 0.00891 ( 1)  0.019
 695 Y   0.98325 0.01675 ( 1)  0.027
 696 T   0.99683 0.00317 ( 1)  0.014
 697 M   0.99484 0.00516 ( 1)  0.016
 698 S   0.99051 0.00949 ( 1)  0.020
 699 L   0.97913 0.02087 ( 1)  0.031
 700 G   0.99687 0.00313 ( 1)  0.014
 701 A   0.57117 0.42883 ( 1)  0.435
 702 E   0.99499 0.00501 ( 1)  0.016
 703 N   0.99749 0.00251 ( 1)  0.013
 704 S   0.98588 0.01412 ( 1)  0.025
 705 V   0.99663 0.00337 ( 1)  0.014
 706 A   0.99685 0.00315 ( 1)  0.014
 707 Y   0.99389 0.00611 ( 1)  0.017
 708 S   0.99615 0.00385 ( 1)  0.014
 709 N   0.99749 0.00251 ( 1)  0.013
 710 N   0.99365 0.00635 ( 1)  0.017
 711 S   0.99404 0.00596 ( 1)  0.017
 712 I   0.99691 0.00309 ( 1)  0.014
 713 A   0.98511 0.01489 ( 1)  0.025
 714 I   0.99363 0.00637 ( 1)  0.017
 715 P   0.99378 0.00622 ( 1)  0.017
 716 T   0.63336 0.36664 ( 1)  0.373
 717 N   0.99749 0.00251 ( 1)  0.013
 718 F   0.99724 0.00276 ( 1)  0.013
 719 T   0.99582 0.00418 ( 1)  0.015
 720 I   0.99608 0.00392 ( 1)  0.015
 721 S   0.99766 0.00234 ( 1)  0.013
 722 V   0.99463 0.00537 ( 1)  0.016
 723 T   0.98539 0.01461 ( 1)  0.025
 724 T   0.99330 0.00670 ( 1)  0.017
 725 E   0.99499 0.00501 ( 1)  0.016
 726 I   0.99691 0.00309 ( 1)  0.014
 727 L   0.98494 0.01506 ( 1)  0.026
 728 P   0.99064 0.00936 ( 1)  0.020
 729 V   0.97831 0.02169 ( 1)  0.032
 730 S   0.99404 0.00596 ( 1)  0.017
 731 M   0.99484 0.00516 ( 1)  0.016
 732 T   0.99274 0.00726 ( 1)  0.018
 733 K   0.98920 0.01080 ( 1)  0.021
 734 T   0.99389 0.00611 ( 1)  0.017
 735 S   0.98869 0.01131 ( 1)  0.022
 736 V   0.99214 0.00786 ( 1)  0.018
 737 D   0.99625 0.00375 ( 1)  0.014
 738 C   0.99607 0.00393 ( 1)  0.015
 739 T   0.99389 0.00611 ( 1)  0.017
 740 M   0.99484 0.00516 ( 1)  0.016
 741 Y   0.98709 0.01291 ( 1)  0.023
 742 I   0.99563 0.00437 ( 1)  0.015
 743 C   0.99607 0.00393 ( 1)  0.015
 744 G   0.99509 0.00491 ( 1)  0.015
 745 D   0.99753 0.00247 ( 1)  0.013
 746 S   0.98588 0.01412 ( 1)  0.025
 747 T   0.78337 0.21663 ( 1)  0.225
 748 E   0.98995 0.01005 ( 1)  0.021
 749 C   0.98872 0.01128 ( 1)  0.022
 750 S   0.99232 0.00768 ( 1)  0.018
 751 N   0.99623 0.00377 ( 1)  0.014
 752 L   0.97913 0.02087 ( 1)  0.031
 753 L   0.98349 0.01651 ( 1)  0.027
 754 L   0.98160 0.01840 ( 1)  0.029
 755 Q   0.99020 0.00980 ( 1)  0.020
 756 Y   0.99617 0.00383 ( 1)  0.014
 757 G   0.98669 0.01331 ( 1)  0.024
 758 S   0.99766 0.00234 ( 1)  0.013
 759 F   0.99724 0.00276 ( 1)  0.013
 760 C   0.98537 0.01463 ( 1)  0.025
 761 T   0.99221 0.00779 ( 1)  0.018
 762 Q   0.99020 0.00980 ( 1)  0.020
 763 L   0.98986 0.01014 ( 1)  0.021
 764 N   0.99292 0.00708 ( 1)  0.018
 765 R   0.99449 0.00551 ( 1)  0.016
 766 A   0.99685 0.00315 ( 1)  0.014
 767 L   0.98707 0.01293 ( 1)  0.023
 768 T   0.99683 0.00317 ( 1)  0.014
 769 G   0.98655 0.01345 ( 1)  0.024
 770 I   0.99449 0.00551 ( 1)  0.016
 771 A   0.99685 0.00315 ( 1)  0.014
 772 V   0.99663 0.00337 ( 1)  0.014
 773 E   0.99499 0.00501 ( 1)  0.016
 774 Q   0.98855 0.01145 ( 1)  0.022
 775 D   0.99057 0.00943 ( 1)  0.020
 776 K   0.99514 0.00486 ( 1)  0.015
 777 N   0.99292 0.00708 ( 1)  0.018
 778 T   0.99252 0.00748 ( 1)  0.018
 779 Q   0.99020 0.00980 ( 1)  0.020
 780 E   0.99499 0.00501 ( 1)  0.016
 781 V   0.99663 0.00337 ( 1)  0.014
 782 F   0.99724 0.00276 ( 1)  0.013
 783 A   0.99281 0.00719 ( 1)  0.018
 784 Q   0.98671 0.01329 ( 1)  0.024
 785 V   0.99453 0.00547 ( 1)  0.016
 786 K   0.99514 0.00486 ( 1)  0.015
 787 Q   0.99020 0.00980 ( 1)  0.020
 788 I   0.99563 0.00437 ( 1)  0.015
 789 Y   0.98709 0.01291 ( 1)  0.023
 790 K   0.99372 0.00628 ( 1)  0.017
 791 T   0.99221 0.00779 ( 1)  0.018
 792 P   0.98954 0.01046 ( 1)  0.021
 793 P   0.99195 0.00805 ( 1)  0.019
 794 I   0.99691 0.00309 ( 1)  0.014
 795 K   0.99514 0.00486 ( 1)  0.015
 796 D   0.99753 0.00247 ( 1)  0.013
 797 F   0.99724 0.00276 ( 1)  0.013
 798 G   0.99687 0.00313 ( 1)  0.014
 799 G   0.99443 0.00557 ( 1)  0.016
 800 F   0.99580 0.00420 ( 1)  0.015
 801 N   0.99642 0.00358 ( 1)  0.014
 802 F   0.99724 0.00276 ( 1)  0.013
 803 S   0.98588 0.01412 ( 1)  0.025
 804 Q   0.99020 0.00980 ( 1)  0.020
 805 I   0.99363 0.00637 ( 1)  0.017
 806 L   0.98707 0.01293 ( 1)  0.023
 807 P   0.98954 0.01046 ( 1)  0.021
 808 D   0.99753 0.00247 ( 1)  0.013
 809 P   0.98954 0.01046 ( 1)  0.021
 810 S   0.98588 0.01412 ( 1)  0.025
 811 K   0.99514 0.00486 ( 1)  0.015
 812 P   0.98954 0.01046 ( 1)  0.021
 813 S   0.98760 0.01240 ( 1)  0.023
 814 K   0.98920 0.01080 ( 1)  0.021
 815 R   0.98402 0.01598 ( 1)  0.026
 816 S   0.98588 0.01412 ( 1)  0.025
 817 F   0.99724 0.00276 ( 1)  0.013
 818 I   0.99691 0.00309 ( 1)  0.014
 819 E   0.98995 0.01005 ( 1)  0.021
 820 D   0.99753 0.00247 ( 1)  0.013
 821 L   0.98818 0.01182 ( 1)  0.022
 822 L   0.99393 0.00607 ( 1)  0.017
 823 F   0.98856 0.01144 ( 1)  0.022
 824 N   0.99292 0.00708 ( 1)  0.018
 825 K   0.99514 0.00486 ( 1)  0.015
 826 V   0.97831 0.02169 ( 1)  0.032
 827 T   0.99221 0.00779 ( 1)  0.018
 828 L   0.99646 0.00354 ( 1)  0.014
 829 A   0.99574 0.00426 ( 1)  0.015
 830 D   0.99753 0.00247 ( 1)  0.013
 831 A   0.99685 0.00315 ( 1)  0.014
 832 G   0.98340 0.01660 ( 1)  0.027
 833 F   0.98856 0.01144 ( 1)  0.022
 834 I   0.98752 0.01248 ( 1)  0.023
 835 K   0.99514 0.00486 ( 1)  0.015
 836 Q   0.99020 0.00980 ( 1)  0.020
 837 Y   0.99617 0.00383 ( 1)  0.014
 838 G   0.99687 0.00313 ( 1)  0.014
 839 D   0.99753 0.00247 ( 1)  0.013
 840 C   0.98175 0.01825 ( 1)  0.029
 841 L   0.99646 0.00354 ( 1)  0.014
 842 G   0.99687 0.00313 ( 1)  0.014
 843 D   0.99753 0.00247 ( 1)  0.013
 844 I   0.99691 0.00309 ( 1)  0.014
 845 A   0.99685 0.00315 ( 1)  0.014
 846 A   0.99685 0.00315 ( 1)  0.014
 847 R   0.99169 0.00831 ( 1)  0.019
 848 D   0.99590 0.00410 ( 1)  0.015
 849 L   0.98605 0.01395 ( 1)  0.024
 850 I   0.99563 0.00437 ( 1)  0.015
 851 C   0.99607 0.00393 ( 1)  0.015
 852 A   0.99319 0.00681 ( 1)  0.017
 853 Q   0.99020 0.00980 ( 1)  0.020
 854 K   0.98920 0.01080 ( 1)  0.021
 855 F   0.99144 0.00856 ( 1)  0.019
 856 N   0.99588 0.00412 ( 1)  0.015
 857 G   0.98638 0.01362 ( 1)  0.024
 858 L   0.99393 0.00607 ( 1)  0.017
 859 T   0.99451 0.00549 ( 1)  0.016
 860 V   0.99663 0.00337 ( 1)  0.014
 861 L   0.97815 0.02185 ( 1)  0.032
 862 P   0.98561 0.01439 ( 1)  0.025
 863 P   0.99601 0.00399 ( 1)  0.015
 864 L   0.98349 0.01651 ( 1)  0.027
 865 L   0.98265 0.01735 ( 1)  0.028
 866 T   0.99221 0.00779 ( 1)  0.018
 867 D   0.99753 0.00247 ( 1)  0.013
 868 E   0.99499 0.00501 ( 1)  0.016
 869 M   0.99484 0.00516 ( 1)  0.016
 870 I   0.99540 0.00460 ( 1)  0.015
 871 A   0.99685 0.00315 ( 1)  0.014
 872 Q   0.99020 0.00980 ( 1)  0.020
 873 Y   0.98325 0.01675 ( 1)  0.027
 874 T   0.99683 0.00317 ( 1)  0.014
 875 S   0.99615 0.00385 ( 1)  0.014
 876 A   0.99210 0.00790 ( 1)  0.018
 877 L   0.98231 0.01769 ( 1)  0.028
 878 L   0.97065 0.02935 ( 1)  0.040
 879 A   0.54854 0.45146 ( 1)  0.457
 880 G   0.99509 0.00491 ( 1)  0.015
 881 T   0.99221 0.00779 ( 1)  0.018
 882 I   0.98752 0.01248 ( 1)  0.023
 883 T   0.99518 0.00482 ( 1)  0.015
 884 S   0.99404 0.00596 ( 1)  0.017
 885 G   0.99687 0.00313 ( 1)  0.014
 886 W   0.97634 0.02366 ( 1)  0.034
 887 T   0.98905 0.01095 ( 1)  0.021
 888 F   0.99724 0.00276 ( 1)  0.013
 889 G   0.99687 0.00313 ( 1)  0.014
 890 A   0.99210 0.00790 ( 1)  0.018
 891 G   0.99509 0.00491 ( 1)  0.015
 892 A   0.99685 0.00315 ( 1)  0.014
 893 A   0.99574 0.00426 ( 1)  0.015
 894 L   0.98986 0.01014 ( 1)  0.021
 895 Q   0.99020 0.00980 ( 1)  0.020
 896 I   0.99363 0.00637 ( 1)  0.017
 897 P   0.98750 0.01250 ( 1)  0.023
 898 F   0.99724 0.00276 ( 1)  0.013
 899 A   0.99301 0.00699 ( 1)  0.018
 900 M   0.99484 0.00516 ( 1)  0.016
 901 Q   0.99020 0.00980 ( 1)  0.020
 902 M   0.99484 0.00516 ( 1)  0.016
 903 A   0.99685 0.00315 ( 1)  0.014
 904 Y   0.99413 0.00587 ( 1)  0.016
 905 R   0.98402 0.01598 ( 1)  0.026
 906 F   0.99724 0.00276 ( 1)  0.013
 907 N   0.99749 0.00251 ( 1)  0.013
 908 G   0.99443 0.00557 ( 1)  0.016
 909 I   0.99691 0.00309 ( 1)  0.014
 910 G   0.99006 0.00994 ( 1)  0.020
 911 V   0.99517 0.00483 ( 1)  0.015
 912 T   0.99389 0.00611 ( 1)  0.017
 913 Q   0.98042 0.01958 ( 1)  0.030
 914 N   0.99749 0.00251 ( 1)  0.013
 915 V   0.99663 0.00337 ( 1)  0.014
 916 L   0.98390 0.01610 ( 1)  0.027
 917 Y   0.99617 0.00383 ( 1)  0.014
 918 E   0.98866 0.01134 ( 1)  0.022
 919 N   0.99365 0.00635 ( 1)  0.017
 920 Q   0.98671 0.01329 ( 1)  0.024
 921 K   0.99514 0.00486 ( 1)  0.015
 922 L   0.98471 0.01529 ( 1)  0.026
 923 I   0.99691 0.00309 ( 1)  0.014
 924 A   0.98511 0.01489 ( 1)  0.025
 925 N   0.99365 0.00635 ( 1)  0.017
 926 Q   0.98190 0.01810 ( 1)  0.029
 927 F   0.99562 0.00438 ( 1)  0.015
 928 N   0.99642 0.00358 ( 1)  0.014
 929 S   0.99766 0.00234 ( 1)  0.013
 930 A   0.99685 0.00315 ( 1)  0.014
 931 I   0.99691 0.00309 ( 1)  0.014
 932 G   0.98340 0.01660 ( 1)  0.027
 933 K   0.99514 0.00486 ( 1)  0.015
 934 I   0.99608 0.00392 ( 1)  0.015
 935 Q   0.98671 0.01329 ( 1)  0.024
 936 D   0.99356 0.00644 ( 1)  0.017
 937 S   0.98588 0.01412 ( 1)  0.025
 938 L   0.99646 0.00354 ( 1)  0.014
 939 S   0.99404 0.00596 ( 1)  0.017
 940 S   0.99381 0.00619 ( 1)  0.017
 941 T   0.98939 0.01061 ( 1)  0.021
 942 A   0.99382 0.00618 ( 1)  0.017
 943 S   0.99766 0.00234 ( 1)  0.013
 944 A   0.99210 0.00790 ( 1)  0.018
 945 L   0.99646 0.00354 ( 1)  0.014
 946 G   0.99265 0.00735 ( 1)  0.018
 947 K   0.99514 0.00486 ( 1)  0.015
 948 L   0.99646 0.00354 ( 1)  0.014
 949 Q   0.99020 0.00980 ( 1)  0.020
 950 D   0.99639 0.00361 ( 1)  0.014
 951 V   0.99040 0.00960 ( 1)  0.020
 952 V   0.98894 0.01106 ( 1)  0.022
 953 N   0.99365 0.00635 ( 1)  0.017
 954 Q   0.99020 0.00980 ( 1)  0.020
 955 N   0.99749 0.00251 ( 1)  0.013
 956 A   0.99210 0.00790 ( 1)  0.018
 957 Q   0.98671 0.01329 ( 1)  0.024
 958 A   0.99685 0.00315 ( 1)  0.014
 959 L   0.98986 0.01014 ( 1)  0.021
 960 N   0.99082 0.00918 ( 1)  0.020
 961 T   0.98490 0.01510 ( 1)  0.026
 962 L   0.99646 0.00354 ( 1)  0.014
 963 V   0.99517 0.00483 ( 1)  0.015
 964 K   0.99514 0.00486 ( 1)  0.015
 965 Q   0.99020 0.00980 ( 1)  0.020
 966 L   0.99646 0.00354 ( 1)  0.014
 967 S   0.99232 0.00768 ( 1)  0.018
 968 S   0.98270 0.01730 ( 1)  0.028
 969 N   0.99749 0.00251 ( 1)  0.013
 970 F   0.99724 0.00276 ( 1)  0.013
 971 G   0.99165 0.00835 ( 1)  0.019
 972 A   0.99574 0.00426 ( 1)  0.015
 973 I   0.99691 0.00309 ( 1)  0.014
 974 S   0.98629 0.01371 ( 1)  0.024
 975 S   0.99633 0.00367 ( 1)  0.014
 976 V   0.98478 0.01522 ( 1)  0.026
 977 L   0.97065 0.02935 ( 1)  0.040
 978 N   0.99749 0.00251 ( 1)  0.013
 979 D   0.99753 0.00247 ( 1)  0.013
 980 I   0.99206 0.00794 ( 1)  0.018
 981 L   0.99646 0.00354 ( 1)  0.014
 982 S   0.42589 0.57411 ( 2)  0.579
 983 R   0.99449 0.00551 ( 1)  0.016
 984 L   0.99474 0.00526 ( 1)  0.016
 985 D   0.99057 0.00943 ( 1)  0.020
 986 K   0.99514 0.00486 ( 1)  0.015
 987 V   0.99663 0.00337 ( 1)  0.014
 988 E   0.98866 0.01134 ( 1)  0.022
 989 A   0.99685 0.00315 ( 1)  0.014
 990 E   0.99499 0.00501 ( 1)  0.016
 991 V   0.97831 0.02169 ( 1)  0.032
 992 Q   0.98855 0.01145 ( 1)  0.022
 993 I   0.99691 0.00309 ( 1)  0.014
 994 D   0.99625 0.00375 ( 1)  0.014
 995 R   0.98402 0.01598 ( 1)  0.026
 996 L   0.98471 0.01529 ( 1)  0.026
 997 I   0.98752 0.01248 ( 1)  0.023
 998 T   0.99221 0.00779 ( 1)  0.018
 999 G   0.98638 0.01362 ( 1)  0.024
1000 R   0.99313 0.00687 ( 1)  0.017
1001 L   0.99395 0.00605 ( 1)  0.017
1002 Q   0.98671 0.01329 ( 1)  0.024
1003 S   0.99633 0.00367 ( 1)  0.014
1004 L   0.93780 0.06220 ( 1)  0.072
1005 Q   0.98353 0.01647 ( 1)  0.027
1006 T   0.99389 0.00611 ( 1)  0.017
1007 Y   0.99617 0.00383 ( 1)  0.014
1008 V   0.97831 0.02169 ( 1)  0.032
1009 T   0.99582 0.00418 ( 1)  0.015
1010 Q   0.99020 0.00980 ( 1)  0.020
1011 Q   0.99020 0.00980 ( 1)  0.020
1012 L   0.98986 0.01014 ( 1)  0.021
1013 I   0.99563 0.00437 ( 1)  0.015
1014 R   0.99313 0.00687 ( 1)  0.017
1015 A   0.99576 0.00424 ( 1)  0.015
1016 A   0.99210 0.00790 ( 1)  0.018
1017 E   0.99499 0.00501 ( 1)  0.016
1018 I   0.98752 0.01248 ( 1)  0.023
1019 R   0.99313 0.00687 ( 1)  0.017
1020 A   0.99685 0.00315 ( 1)  0.014
1021 S   0.99615 0.00385 ( 1)  0.014
1022 A   0.99520 0.00480 ( 1)  0.015
1023 N   0.99749 0.00251 ( 1)  0.013
1024 L   0.99646 0.00354 ( 1)  0.014
1025 A   0.99685 0.00315 ( 1)  0.014
1026 A   0.99576 0.00424 ( 1)  0.015
1027 T   0.99582 0.00418 ( 1)  0.015
1028 K   0.99514 0.00486 ( 1)  0.015
1029 M   0.99484 0.00516 ( 1)  0.016
1030 S   0.99051 0.00949 ( 1)  0.020
1031 E   0.98866 0.01134 ( 1)  0.022
1032 C   0.99312 0.00688 ( 1)  0.017
1033 V   0.99214 0.00786 ( 1)  0.018
1034 L   0.98676 0.01324 ( 1)  0.024
1035 G   0.99006 0.00994 ( 1)  0.020
1036 Q   0.99020 0.00980 ( 1)  0.020
1037 S   0.99051 0.00949 ( 1)  0.020
1038 K   0.99514 0.00486 ( 1)  0.015
1039 R   0.99313 0.00687 ( 1)  0.017
1040 V   0.99663 0.00337 ( 1)  0.014
1041 D   0.99753 0.00247 ( 1)  0.013
1042 F   0.99724 0.00276 ( 1)  0.013
1043 C   0.99607 0.00393 ( 1)  0.015
1044 G   0.99006 0.00994 ( 1)  0.020
1045 K   0.99337 0.00663 ( 1)  0.017
1046 G   0.98340 0.01660 ( 1)  0.027
1047 Y   0.99413 0.00587 ( 1)  0.016
1048 H   0.99716 0.00284 ( 1)  0.013
1049 L   0.97913 0.02087 ( 1)  0.031
1050 M   0.99484 0.00516 ( 1)  0.016
1051 S   0.99381 0.00619 ( 1)  0.017
1052 F   0.98856 0.01144 ( 1)  0.022
1053 P   0.99601 0.00399 ( 1)  0.015
1054 Q   0.98353 0.01647 ( 1)  0.027
1055 S   0.98588 0.01412 ( 1)  0.025
1056 A   0.99210 0.00790 ( 1)  0.018
1057 P   0.99217 0.00783 ( 1)  0.018
1058 H   0.99716 0.00284 ( 1)  0.013
1059 G   0.99687 0.00313 ( 1)  0.014
1060 V   0.99384 0.00616 ( 1)  0.017
1061 V   0.99121 0.00879 ( 1)  0.019
1062 F   0.98856 0.01144 ( 1)  0.022
1063 L   0.98349 0.01651 ( 1)  0.027
1064 H   0.99716 0.00284 ( 1)  0.013
1065 V   0.98861 0.01139 ( 1)  0.022
1066 T   0.99596 0.00404 ( 1)  0.015
1067 Y   0.99617 0.00383 ( 1)  0.014
1068 V   0.98894 0.01106 ( 1)  0.022
1069 P   0.99601 0.00399 ( 1)  0.015
1070 A   0.99210 0.00790 ( 1)  0.018
1071 Q   0.99020 0.00980 ( 1)  0.020
1072 E   0.99499 0.00501 ( 1)  0.016
1073 K   0.98920 0.01080 ( 1)  0.021
1074 N   0.99082 0.00918 ( 1)  0.020
1075 F   0.99244 0.00756 ( 1)  0.018
1076 T   0.99389 0.00611 ( 1)  0.017
1077 T   0.99683 0.00317 ( 1)  0.014
1078 A   0.99685 0.00315 ( 1)  0.014
1079 P   0.99601 0.00399 ( 1)  0.015
1080 A   0.99109 0.00891 ( 1)  0.019
1081 I   0.99691 0.00309 ( 1)  0.014
1082 C   0.99607 0.00393 ( 1)  0.015
1083 H   0.99716 0.00284 ( 1)  0.013
1084 D   0.79469 0.20531 ( 1)  0.214
1085 G   0.99006 0.00994 ( 1)  0.020
1086 K   0.99514 0.00486 ( 1)  0.015
1087 A   0.99210 0.00790 ( 1)  0.018
1088 H   0.98674 0.01326 ( 1)  0.024
1089 F   0.99562 0.00438 ( 1)  0.015
1090 P   0.99516 0.00484 ( 1)  0.015
1091 R   0.99449 0.00551 ( 1)  0.016
1092 E   0.99499 0.00501 ( 1)  0.016
1093 G   0.99687 0.00313 ( 1)  0.014
1094 V   0.98946 0.01054 ( 1)  0.021
1095 F   0.99144 0.00856 ( 1)  0.019
1096 V   0.99663 0.00337 ( 1)  0.014
1097 S   0.98588 0.01412 ( 1)  0.025
1098 N   0.99749 0.00251 ( 1)  0.013
1099 G   0.98340 0.01660 ( 1)  0.027
1100 T   0.99389 0.00611 ( 1)  0.017
1101 H   0.99151 0.00849 ( 1)  0.019
1102 W   0.97634 0.02366 ( 1)  0.034
1103 F   0.99724 0.00276 ( 1)  0.013
1104 V   0.73352 0.26648 ( 1)  0.274
1105 T   0.99221 0.00779 ( 1)  0.018
1106 Q   0.99020 0.00980 ( 1)  0.020
1107 R   0.98402 0.01598 ( 1)  0.026
1108 N   0.99749 0.00251 ( 1)  0.013
1109 F   0.99724 0.00276 ( 1)  0.013
1110 Y   0.99617 0.00383 ( 1)  0.014
1111 E   0.99499 0.00501 ( 1)  0.016
1112 P   0.99195 0.00805 ( 1)  0.019
1113 Q   0.99020 0.00980 ( 1)  0.020
1114 I   0.99498 0.00502 ( 1)  0.016
1115 I   0.99691 0.00309 ( 1)  0.014
1116 T   0.99132 0.00868 ( 1)  0.019
1117 T   0.99389 0.00611 ( 1)  0.017
1118 D   0.52679 0.47321 ( 1)  0.479
1119 N   0.99082 0.00918 ( 1)  0.020
1120 T   0.99221 0.00779 ( 1)  0.018
1121 F   0.99562 0.00438 ( 1)  0.015
1122 V   0.98541 0.01459 ( 1)  0.025
1123 S   0.99615 0.00385 ( 1)  0.014
1124 G   0.99687 0.00313 ( 1)  0.014
1125 N   0.42913 0.57087 ( 2)  0.575
1126 C   0.99607 0.00393 ( 1)  0.015
1127 D   0.99753 0.00247 ( 1)  0.013
1128 V   0.99663 0.00337 ( 1)  0.014
1129 V   0.99214 0.00786 ( 1)  0.018
1130 I   0.99449 0.00551 ( 1)  0.016
1131 G   0.99006 0.00994 ( 1)  0.020
1132 I   0.99608 0.00392 ( 1)  0.015
1133 V   0.98568 0.01432 ( 1)  0.025
1134 N   0.99082 0.00918 ( 1)  0.020
1135 N   0.99082 0.00918 ( 1)  0.020
1136 T   0.99221 0.00779 ( 1)  0.018
1137 V   0.99663 0.00337 ( 1)  0.014
1138 Y   0.99617 0.00383 ( 1)  0.014
1139 D   0.99753 0.00247 ( 1)  0.013
1140 P   0.99601 0.00399 ( 1)  0.015
1141 L   0.98349 0.01651 ( 1)  0.027
1142 Q   0.99020 0.00980 ( 1)  0.020
1143 P   0.99061 0.00939 ( 1)  0.020
1144 E   0.99290 0.00710 ( 1)  0.018
1145 L   0.97744 0.02256 ( 1)  0.033
1146 D   0.99270 0.00730 ( 1)  0.018
1147 S   0.98588 0.01412 ( 1)  0.025
1148 F   0.99244 0.00756 ( 1)  0.018
1149 K   0.98920 0.01080 ( 1)  0.021
1150 E   0.98866 0.01134 ( 1)  0.022
1151 E   0.98866 0.01134 ( 1)  0.022
1152 L   0.98818 0.01182 ( 1)  0.022
1153 D   0.99639 0.00361 ( 1)  0.014
1154 K   0.99514 0.00486 ( 1)  0.015
1155 Y   0.98792 0.01208 ( 1)  0.023
1156 F   0.99562 0.00438 ( 1)  0.015
1157 K   0.99337 0.00663 ( 1)  0.017
1158 N   0.99749 0.00251 ( 1)  0.013
1159 H   0.99504 0.00496 ( 1)  0.016
1160 T   0.99221 0.00779 ( 1)  0.018
1161 S   0.98588 0.01412 ( 1)  0.025
1162 P   0.99064 0.00936 ( 1)  0.020
1163 D   0.99753 0.00247 ( 1)  0.013
1164 V   0.99574 0.00426 ( 1)  0.015
1165 D   0.99753 0.00247 ( 1)  0.013
1166 L   0.97065 0.02935 ( 1)  0.040
1167 G   0.99443 0.00557 ( 1)  0.016
1168 D   0.99057 0.00943 ( 1)  0.020
1169 I   0.99318 0.00682 ( 1)  0.017
1170 S   0.99615 0.00385 ( 1)  0.014
1171 G   0.98340 0.01660 ( 1)  0.027
1172 I   0.99608 0.00392 ( 1)  0.015
1173 N   0.99749 0.00251 ( 1)  0.013
1174 A   0.99685 0.00315 ( 1)  0.014
1175 S   0.98269 0.01731 ( 1)  0.028
1176 V   0.99517 0.00483 ( 1)  0.015
1177 V   0.98800 0.01200 ( 1)  0.023
1178 N   0.99292 0.00708 ( 1)  0.018
1179 I   0.99608 0.00392 ( 1)  0.015
1180 Q   0.99020 0.00980 ( 1)  0.020
1181 K   0.99372 0.00628 ( 1)  0.017
1182 E   0.99499 0.00501 ( 1)  0.016
1183 I   0.99691 0.00309 ( 1)  0.014
1184 D   0.99057 0.00943 ( 1)  0.020
1185 R   0.97772 0.02228 ( 1)  0.033
1186 L   0.98265 0.01735 ( 1)  0.028
1187 N   0.99749 0.00251 ( 1)  0.013
1188 E   0.98866 0.01134 ( 1)  0.022
1189 V   0.99663 0.00337 ( 1)  0.014
1190 A   0.98511 0.01489 ( 1)  0.025
1191 K   0.99337 0.00663 ( 1)  0.017
1192 N   0.99749 0.00251 ( 1)  0.013
1193 L   0.98567 0.01433 ( 1)  0.025
1194 N   0.99749 0.00251 ( 1)  0.013
1195 E   0.99499 0.00501 ( 1)  0.016
1196 S   0.99404 0.00596 ( 1)  0.017
1197 L   0.98265 0.01735 ( 1)  0.028
1198 I   0.99206 0.00794 ( 1)  0.018
1199 D   0.99639 0.00361 ( 1)  0.014
1200 L   0.98390 0.01610 ( 1)  0.027
1201 Q   0.99020 0.00980 ( 1)  0.020
1202 E   0.99290 0.00710 ( 1)  0.018
1203 L   0.99646 0.00354 ( 1)  0.014
1204 G   0.99006 0.00994 ( 1)  0.020
1205 K   0.99083 0.00917 ( 1)  0.020
1206 Y   0.99617 0.00383 ( 1)  0.014
1207 E   0.98963 0.01037 ( 1)  0.021
1208 Q   0.98353 0.01647 ( 1)  0.027
1209 Y   0.99413 0.00587 ( 1)  0.016
1210 I   0.99224 0.00776 ( 1)  0.018
1211 K   0.99514 0.00486 ( 1)  0.015
1212 W   0.97634 0.02366 ( 1)  0.034
1213 P   0.99195 0.00805 ( 1)  0.019
1214 W   0.97634 0.02366 ( 1)  0.034
1215 Y   0.98325 0.01675 ( 1)  0.027
1216 I   0.99691 0.00309 ( 1)  0.014
1217 W   0.97634 0.02366 ( 1)  0.034
1218 L   0.99007 0.00993 ( 1)  0.020
1219 G   0.99687 0.00313 ( 1)  0.014
1220 F   0.99724 0.00276 ( 1)  0.013
1221 I   0.99363 0.00637 ( 1)  0.017
1222 A   0.99685 0.00315 ( 1)  0.014
1223 G   0.98224 0.01776 ( 1)  0.028
1224 L   0.98160 0.01840 ( 1)  0.029
1225 I   0.99691 0.00309 ( 1)  0.014
1226 A   0.99109 0.00891 ( 1)  0.019
1227 I   0.99224 0.00776 ( 1)  0.018
1228 V   0.51904 0.48096 ( 1)  0.486
1229 M   0.99484 0.00516 ( 1)  0.016
1230 V   0.98541 0.01459 ( 1)  0.025
1231 T   0.99028 0.00972 ( 1)  0.020
1232 I   0.99563 0.00437 ( 1)  0.015
1233 M   0.99484 0.00516 ( 1)  0.016
1234 L   0.99395 0.00605 ( 1)  0.017
1235 C   0.98872 0.01128 ( 1)  0.022
1236 C   0.99607 0.00393 ( 1)  0.015
1237 M   0.99484 0.00516 ( 1)  0.016
1238 T   0.99120 0.00880 ( 1)  0.019
1239 S   0.99766 0.00234 ( 1)  0.013
1240 C   0.98175 0.01825 ( 1)  0.029
1241 C   0.99443 0.00557 ( 1)  0.016
1242 S   0.99766 0.00234 ( 1)  0.013
1243 C   0.99312 0.00688 ( 1)  0.017
1244 L   0.98265 0.01735 ( 1)  0.028
1245 K   0.98920 0.01080 ( 1)  0.021
1246 G   0.99021 0.00979 ( 1)  0.020
1247 C   0.99607 0.00393 ( 1)  0.015
1248 C   0.99312 0.00688 ( 1)  0.017
1249 S   0.99615 0.00385 ( 1)  0.014
1250 C   0.98537 0.01463 ( 1)  0.025
1251 G   0.99265 0.00735 ( 1)  0.018
1252 S   0.98633 0.01367 ( 1)  0.024
1253 C   0.98175 0.01825 ( 1)  0.029
1254 C   0.98175 0.01825 ( 1)  0.029
1255 K   0.99514 0.00486 ( 1)  0.015
1256 F   0.99724 0.00276 ( 1)  0.013
1257 D   0.99753 0.00247 ( 1)  0.013
1258 E   0.99499 0.00501 ( 1)  0.016
1259 D   0.99057 0.00943 ( 1)  0.020
1260 D   0.99356 0.00644 ( 1)  0.017
1261 S   0.99404 0.00596 ( 1)  0.017
1262 E   0.99045 0.00955 ( 1)  0.020
1263 P   0.99195 0.00805 ( 1)  0.019
1264 V   0.98861 0.01139 ( 1)  0.022
1265 L   0.98020 0.01980 ( 1)  0.030
1266 K   0.99514 0.00486 ( 1)  0.015
1267 G   0.99006 0.00994 ( 1)  0.020
1268 V   0.98568 0.01432 ( 1)  0.025
1269 K   0.99514 0.00486 ( 1)  0.015
1270 L   0.98986 0.01014 ( 1)  0.021
1271 H   0.99716 0.00284 ( 1)  0.013
1272 Y   0.98325 0.01675 ( 1)  0.027
1273 T   0.99221 0.00779 ( 1)  0.018


lnL = -7477.623365

