

TREE # 1

  0  0.0000   9280.884469  x:  0.07018   0.07180   0.07387   0.07592   0.07466   0.04570   0.09186   0.09057   0.09802   0.10789   0.05292   0.09882   0.06808   0.01901   0.03589   0.07772   0.05568   2.00000   0.67503   0.32249  
  1 99.0000   8822.827973  x:  0.05137   0.05310   0.05520   0.05810   0.05696   0.06758   0.10025   0.15638   0.07945   0.08953   0.03444   0.08087   0.04923   0.00000   0.02124   0.06034   0.03842   2.00025   0.68106   0.30632  
  2 5493.6734   8365.189042  x:  0.01567   0.01752   0.02007   0.02365   0.02270   0.06484   0.10548   0.15762   0.04437   0.05493   0.00000   0.04736   0.01346   0.00000   0.00128   0.02763   0.00622   2.00074   0.69457   0.28054  
  3 7255.5767   8365.189042  x:  0.01567   0.01752   0.02007   0.02365   0.02270   0.06484   0.10548   0.15762   0.04437   0.05493   0.00000   0.04736   0.01346   0.00000   0.00128   0.02763   0.00622   2.00074   0.69457   0.28054  
  4 45787.5876   8277.944452  x:  0.00797   0.00940   0.01222   0.01602   0.01513   0.06869   0.10693   0.16969   0.03641   0.04721   0.01640   0.03988   0.00528   0.00000   0.03157   0.02030   0.00000   2.00085   0.69781   0.27584  
  5 6198.4882   8224.618221  x:  0.00285   0.00417   0.00724   0.01117   0.01032   0.07096   0.10781   0.17699   0.03128   0.04221   0.01875   0.03509   0.00000   0.00000   0.03876   0.01570   0.00878   2.00092   0.69992   0.27282  
  6 10012.3392   8191.618875  x:  0.00000   0.00131   0.00463   0.00860   0.00778   0.07206   0.10824   0.18066   0.02849   0.03947   0.01773   0.03250   0.00000   0.00000   0.03913   0.01318   0.00865   2.00096   0.70108   0.27118  
  7 10914.8838   8184.283949  x:  0.00000   0.00000   0.00524   0.00831   0.00759   0.07199   0.10822   0.18111   0.02725   0.03826   0.01738   0.03149   0.00000   0.00000   0.03935   0.01227   0.00865   2.00098   0.70167   0.27058  
  8 5885.3426   8103.540371  x:  0.00000   0.00000   0.00132   0.01074   0.01006   0.06866   0.10637   0.17899   0.00357   0.01517   0.01196   0.01509   0.00000   0.00000   0.04334   0.00000   0.00876   2.00136   0.71454   0.26023  
  9 9572.5649   8094.527860  x:  0.00000   0.00000   0.00098   0.01088   0.01024   0.06826   0.10616   0.17895   0.00030   0.01197   0.01118   0.01277   0.00000   0.00000   0.04389   0.00003   0.00876   2.00142   0.71629   0.25877  
 10 22370.4599   8076.380493  x:  0.00000   0.00000   0.00013   0.01138   0.01069   0.06717   0.10545   0.17869   0.00096   0.00138   0.00863   0.00544   0.00000   0.00000   0.04569   0.00006   0.00875   2.00159   0.72234   0.25386  
 11 4243.4297   8073.102993  x:  0.00000   0.00000   0.00035   0.01222   0.00950   0.06872   0.10548   0.17797   0.00094   0.00037   0.00787   0.00477   0.00000   0.00000   0.04621   0.00006   0.00874   2.00168   0.72616   0.25147  
 12 1642.2677   8064.688200  x:  0.00000   0.00000   0.00053   0.01384   0.00757   0.07099   0.10523   0.17661   0.00099   0.00070   0.00545   0.00104   0.00000   0.00000   0.04784   0.00006   0.00873   2.00192   0.73549   0.24516  
 13 9356.5531   8049.624724  x:  0.00000   0.00000   0.00053   0.01439   0.00670   0.07039   0.10413   0.17681   0.00098   0.00068   0.00027   0.00105   0.00000   0.00000   0.05132   0.00006   0.00871   2.00233   0.75013   0.23364  
 14 4892.2528   8024.682318  x:  0.00000   0.00000   0.00051   0.01428   0.00600   0.06767   0.10202   0.17815   0.00094   0.00059   0.00000   0.00073   0.00000   0.00000   0.05160   0.00006   0.00872   2.00304   0.77512   0.21315  
 15 8204.4593   8018.200649  x:  0.00000   0.00000   0.00050   0.01470   0.00057   0.06311   0.09695   0.17777   0.00091   0.00055   0.00001   0.00065   0.00000   0.00000   0.05175   0.00006   0.00875   2.00358   0.78442   0.20979  
 16 1453.7910   8003.138845  x:  0.00000   0.00000   0.00045   0.01063   0.00237   0.06241   0.06226   0.18784   0.00076   0.00042   0.00003   0.00033   0.00000   0.00000   0.05158   0.00004   0.00871   2.00755   0.83128   0.21771  
 17 933.9596   7995.923145  x:  0.00000   0.00000   0.00042   0.00662   0.00280   0.05488   0.06971   0.19176   0.00066   0.00033   0.00004   0.00009   0.00000   0.00000   0.05155   0.00004   0.00870   2.01189   0.86134   0.23345  
 18 445.7478   7985.477668  x:  0.00000   0.00000   0.00062   0.04200   0.00203   0.05037   0.07572   0.22687   0.00110   0.00050   0.00003   0.00016   0.00000   0.00000   0.05027   0.00008   0.00838   2.04022   0.90206   0.24776  
 19 125.3385   7942.476826  x:  0.00000   0.00000   0.00063   0.02099   0.00126   0.05945   0.07329   0.22436   0.00129   0.00052   0.00000   0.00021   0.00000   0.00000   0.05048   0.00011   0.00840   2.10527   0.96843   0.25991  
 20 292.2514   7942.476826  x:  0.00000   0.00000   0.00063   0.02099   0.00126   0.05945   0.07329   0.22436   0.00129   0.00052   0.00000   0.00021   0.00000   0.00000   0.05048   0.00011   0.00840   2.10527   0.96843   0.25991  
 21 30.6859   7935.178587  x:  0.00000   0.00000   0.00064   0.02096   0.00126   0.05946   0.07330   0.22438   0.00128   0.00058   0.00315   0.00064   0.00000   0.00000   0.05046   0.00027   0.00838   2.10527   0.96843   0.25989  
 22 147365.3961   7926.291725  x:  0.00000   0.00000   0.00101   0.01974   0.00081   0.06013   0.07395   0.22530   0.00080   0.00301   0.00251   0.00607   0.00000   0.00000   0.04936   0.00297   0.00727   2.10528   0.96877   0.25890  
 23 6505.2553   7896.204420  x:  0.00000   0.00000   0.00000   0.01249   0.00039   0.06401   0.07772   0.23073   0.00060   0.00190   0.00240   0.00792   0.00000   0.00000   0.04283   0.00082   0.00073   2.10531   0.97072   0.25296  
 24 2795.3307   7893.994099  x:  0.00000   0.00000   0.00001   0.01186   0.00035   0.06435   0.07805   0.23121   0.00058   0.00180   0.00239   0.00807   0.00000   0.00000   0.04225   0.00063   0.00016   2.10532   0.97090   0.25244  
 25 520627.1664   7881.999740  x:  0.00000   0.00000   0.00001   0.00835   0.00073   0.06620   0.07985   0.23384   0.00068   0.00131   0.00235   0.00869   0.00000   0.00000   0.03907   0.00004   0.00031   2.10534   0.97185   0.24953  
 26 10566.7648   7861.060186  x:  0.00000   0.00000   0.00002   0.00170   0.00141   0.06971   0.08327   0.23884   0.00090   0.00011   0.00229   0.00925   0.00000   0.00000   0.03305   0.00016   0.00040   2.10537   0.97366   0.24403  
 27 178457.9688   7856.470939  x:  0.00000   0.00000   0.00002   0.00000   0.00157   0.07061   0.08415   0.24012   0.00096   0.00022   0.00230   0.00920   0.00000   0.00000   0.03149   0.00018   0.00040   2.10538   0.97412   0.24261  
 28 108089.3188   7801.870842  x:  0.00000   0.00000   0.00001   0.00026   0.00587   0.08341   0.09663   0.25874   0.00076   0.00072   0.00231   0.00899   0.00000   0.00000   0.00892   0.00042   0.00000   2.10551   0.98086   0.22176  
 29 6572.1130   7790.781532  x:  0.00000   0.00000   0.00001   0.00039   0.00627   0.08711   0.10023   0.26409   0.00046   0.00082   0.00232   0.00888   0.00000   0.00000   0.00247   0.00047   0.00005   2.10554   0.98279   0.21579  
 30 315571.6065   7729.476856  x:  0.00000   0.00000   0.00001   0.00289   0.00193   0.11564   0.12887   0.31568   0.02576   0.00169   0.00220   0.00999   0.00000   0.00000   0.00375   0.00064   0.00018   2.10590   0.99999   0.14913  
 31 3582.4930   7590.252412  x:  0.00000   0.00000   0.00002   0.00580   0.00000   0.16475   0.17893   0.41439   0.05074   0.00303   0.00210   0.01076   0.00000   0.00000   0.01138   0.00105   0.00038   2.10652   0.96956   0.01284  
 32 9992.9419   7589.613507  x:  0.00000   0.00000   0.00002   0.00578   0.00019   0.16521   0.17939   0.41535   0.05029   0.00304   0.00211   0.01072   0.00000   0.00000   0.01178   0.00106   0.00038   2.10653   0.96959   0.01177  
 33 4791.7374   7578.207546  x:  0.00000   0.00000   0.00002   0.00601   0.00053   0.15481   0.17292   0.47827   0.05099   0.00319   0.00211   0.01066   0.00000   0.00000   0.01456   0.00111   0.00042   2.10594   0.96569   0.02387  
 34 479.1607   7544.101152  x:  0.00000   0.00000   0.00002   0.00498   0.00032   0.08884   0.11938   0.61865   0.04349   0.00266   0.00213   0.01055   0.00000   0.00000   0.01132   0.00092   0.00034   2.10377   0.97101   0.01454  
 35 2014.5883   7543.398091  x:  0.00000   0.00000   0.00002   0.00492   0.00031   0.10470   0.10265   0.62182   0.04239   0.00264   0.00214   0.01045   0.00000   0.00000   0.01188   0.00091   0.00034   2.09024   0.97131   0.01439  
 36  9.6693   7525.333213  x:  0.00000   0.00000   0.00000   0.00306   0.00018   0.11010   0.12989   0.67882   0.00310   0.00168   0.00245   0.00747   0.00000   0.00000   0.02902   0.00056   0.00033   1.68938   0.98408   0.01143  
 37 34.3285   7525.333213  x:  0.00000   0.00000   0.00000   0.00306   0.00018   0.11010   0.12989   0.67882   0.00310   0.00168   0.00245   0.00747   0.00000   0.00000   0.02902   0.00056   0.00033   1.68938   0.98408   0.01143  
 38  5.9032   7520.946572  x:  0.00000   0.00000   0.00087   0.00306   0.00020   0.11010   0.12988   0.67882   0.00310   0.00168   0.00245   0.00746   0.00000   0.00000   0.02902   0.00057   0.00034   1.68938   0.98408   0.01143  
 39 233804.9152   7515.424871  x:  0.00000   0.00000   0.00086   0.00214   0.00603   0.10995   0.12974   0.67874   0.00168   0.00158   0.00113   0.00639   0.00000   0.00000   0.02761   0.00155   0.00286   1.68939   0.98184   0.01275  
 40 4937.4268   7508.792928  x:  0.00000   0.00000   0.00086   0.00050   0.00617   0.10978   0.12957   0.67864   0.00032   0.00158   0.00011   0.00520   0.00000   0.00000   0.02587   0.00101   0.00223   1.68940   0.97942   0.01374  
 41 2737.6208   7506.871468  x:  0.00000   0.00000   0.00086   0.00000   0.00625   0.10972   0.12952   0.67860   0.00021   0.00158   0.00030   0.00485   0.00000   0.00000   0.02533   0.00089   0.00206   1.68940   0.97869   0.01402  
 42 9273.3642   7499.750079  x:  0.00000   0.00000   0.00086   0.00000   0.00683   0.10931   0.12912   0.67836   0.00103   0.00159   0.00061   0.00233   0.00000   0.00000   0.02131   0.00016   0.00082   1.68943   0.97336   0.01593  
 43 28130.9663   7497.893207  x:  0.00000   0.00000   0.00086   0.00000   0.00683   0.10915   0.12897   0.67826   0.00123   0.00160   0.00071   0.00150   0.00000   0.00000   0.01971   0.00075   0.00035   1.68944   0.97133   0.01656  
 44 16878.9715   7488.650086  x:  0.00000   0.00000   0.00086   0.00000   0.00410   0.10803   0.12788   0.67752   0.00215   0.00177   0.00110   0.00250   0.00000   0.00000   0.00819   0.00183   0.00431   1.68953   0.95852   0.01804  
 45 4500.4891   7485.206106  x:  0.00000   0.00000   0.00086   0.00000   0.00513   0.10756   0.12744   0.67709   0.00210   0.00148   0.00109   0.00435   0.00000   0.00000   0.00413   0.00169   0.00281   1.68960   0.95482   0.01459  
 46 1550.2046   7483.625511  x:  0.00000   0.00000   0.00086   0.00000   0.00515   0.10695   0.12687   0.67650   0.00207   0.00273   0.00108   0.00373   0.00000   0.00000   0.00492   0.00167   0.00306   1.68969   0.95053   0.01071  
 47 789.3683   7483.126138  x:  0.00000   0.00000   0.00086   0.00000   0.00510   0.10666   0.12661   0.67621   0.00209   0.00159   0.00108   0.00383   0.00000   0.00000   0.00569   0.00168   0.00307   1.68974   0.94886   0.00979  
 48 738.9585   7482.989443  x:  0.00000   0.00000   0.00086   0.00000   0.00521   0.10638   0.12638   0.67585   0.00212   0.00178   0.00107   0.00461   0.00000   0.00000   0.00629   0.00170   0.00270   1.68981   0.94805   0.01008  
 49 215.1848   7480.846759  x:  0.00000   0.00000   0.00087   0.00000   0.00282   0.09490   0.11775   0.65772   0.00153   0.00171   0.00053   0.00416   0.00000   0.00000   0.00589   0.00145   0.00227   1.69347   0.94669   0.01039  
 50 67.2950   7480.268791  x:  0.00000   0.00000   0.00087   0.00000   0.00198   0.09996   0.12310   0.64810   0.00136   0.00172   0.00034   0.00419   0.00000   0.00000   0.00587   0.00138   0.00207   1.69564   0.94505   0.01037  
 51 86.1558   7480.121173  x:  0.00000   0.00000   0.00087   0.00062   0.00174   0.10142   0.12465   0.64526   0.00130   0.00172   0.00029   0.00420   0.00000   0.00000   0.00587   0.00136   0.00202   1.69628   0.94457   0.01037  
 52 3130.8575   7479.461197  x:  0.00000   0.00000   0.00087   0.00045   0.00218   0.09995   0.12575   0.60176   0.00140   0.00166   0.00039   0.00404   0.00000   0.00000   0.00590   0.00139   0.00219   1.70877   0.94605   0.01096  
 53 35.0820   7479.414130  x:  0.00000   0.00000   0.00087   0.00044   0.00218   0.10406   0.12117   0.60096   0.00140   0.00166   0.00039   0.00403   0.00000   0.00000   0.00590   0.00139   0.00219   1.71887   0.94611   0.01099  
 54  8.4101   7478.838983  x:  0.00000   0.00000   0.00087   0.00048   0.00213   0.10084   0.12457   0.60896   0.00139   0.00165   0.00039   0.00404   0.00000   0.00000   0.00592   0.00139   0.00215   1.89933   0.94577   0.01098  
 55 21.8044   7478.094154  x:  0.00000   0.00000   0.00087   0.00026   0.00246   0.10059   0.12333   0.60409   0.00113   0.00172   0.00037   0.00419   0.00000   0.00000   0.00582   0.00107   0.00087   1.89862   0.94810   0.01046  
 56  0.0067   7477.768322  x:  0.00000   0.00000   0.00087   0.00040   0.00226   0.10242   0.12415   0.60601   0.00106   0.00171   0.00056   0.00321   0.00000   0.00000   0.00601   0.00094   0.00091   1.89347   0.95066   0.01045  
 57  0.0062   7477.697755  x:  0.00000   0.00000   0.00087   0.00055   0.00193   0.10138   0.12403   0.60433   0.00102   0.00157   0.00063   0.00332   0.00000   0.00000   0.00633   0.00091   0.00077   1.89313   0.95033   0.01073  
 58  0.0016   7477.670100  x:  0.00000   0.00000   0.00087   0.00062   0.00179   0.10073   0.12382   0.60376   0.00101   0.00166   0.00069   0.00330   0.00000   0.00000   0.00637   0.00093   0.00092   1.89307   0.94982   0.01076  
 59  0.0012   7477.637200  x:  0.00000   0.00000   0.00087   0.00055   0.00193   0.10091   0.12364   0.60543   0.00092   0.00178   0.00080   0.00334   0.00000   0.00000   0.00618   0.00089   0.00085   1.89247   0.94946   0.01056  
 60  0.0010   7477.625921  x:  0.00000   0.00000   0.00086   0.00052   0.00198   0.10110   0.12374   0.60501   0.00087   0.00165   0.00084   0.00333   0.00000   0.00000   0.00615   0.00089   0.00089   1.89314   0.94943   0.01060  
 61  0.0007   7477.624487  x:  0.00000   0.00000   0.00086   0.00052   0.00197   0.10113   0.12390   0.60457   0.00084   0.00167   0.00084   0.00335   0.00000   0.00000   0.00620   0.00088   0.00089   1.89375   0.94943   0.01064  
 62  0.0005   7477.624217  x:  0.00000   0.00000   0.00086   0.00052   0.00199   0.10116   0.12389   0.60497   0.00084   0.00167   0.00083   0.00336   0.00000   0.00000   0.00620   0.00089   0.00089   1.89351   0.94943   0.01064  
 63  0.0003   7477.624136  x:  0.00000   0.00000   0.00086   0.00052   0.00198   0.10112   0.12385   0.60484   0.00083   0.00167   0.00082   0.00335   0.00000   0.00000   0.00620   0.00089   0.00089   1.89347   0.94945   0.01063  
 64  0.0001   7477.624093  x:  0.00000   0.00000   0.00086   0.00052   0.00198   0.10116   0.12389   0.60484   0.00083   0.00167   0.00082   0.00336   0.00000   0.00000   0.00619   0.00090   0.00089   1.89350   0.94942   0.01063  
 65  0.0000   7477.624056  x:  0.00000   0.00000   0.00086   0.00052   0.00198   0.10114   0.12387   0.60487   0.00083   0.00167   0.00082   0.00335   0.00000   0.00000   0.00619   0.00090   0.00089   1.89352   0.94942   0.01063  
 66  0.0000   7477.624022  x:  0.00000   0.00000   0.00086   0.00052   0.00199   0.10112   0.12385   0.60484   0.00083   0.00167   0.00083   0.00335   0.00000   0.00000   0.00620   0.00091   0.00089   1.89349   0.94946   0.01063  
 67  0.0000   7477.623804  x:  0.00000   0.00000   0.00085   0.00052   0.00198   0.10115   0.12387   0.60482   0.00083   0.00167   0.00083   0.00336   0.00000   0.00000   0.00620   0.00090   0.00089   1.89344   0.94948   0.01063  
 68  0.0000   7477.623526  x:  0.00000   0.00000   0.00084   0.00052   0.00197   0.10115   0.12387   0.60476   0.00083   0.00167   0.00083   0.00337   0.00000   0.00000   0.00619   0.00090   0.00089   1.89344   0.94951   0.01063  
 69  0.0000   7477.623373  x:  0.00000   0.00000   0.00083   0.00052   0.00198   0.10113   0.12386   0.60485   0.00083   0.00167   0.00082   0.00335   0.00000   0.00000   0.00619   0.00090   0.00089   1.89352   0.94945   0.01063  
 70  0.0001   7477.623365  x:  0.00000   0.00000   0.00083   0.00052   0.00198   0.10114   0.12387   0.60484   0.00083   0.00167   0.00082   0.00335   0.00000   0.00000   0.00620   0.00090   0.00089   1.89351   0.94944   0.01063  
 71  0.0000   7477.623365  x:  0.00000   0.00000   0.00083   0.00052   0.00198   0.10114   0.12387   0.60484   0.00083   0.00167   0.00082   0.00335   0.00000   0.00000   0.00620   0.00090   0.00089   1.89351   0.94944   0.01063  
 72  0.0000   7477.623365  x:  0.00000   0.00000   0.00083   0.00052   0.00198   0.10114   0.12387   0.60484   0.00083   0.00167   0.00082   0.00335   0.00000   0.00000   0.00620   0.00090   0.00089   1.89351   0.94944   0.01063  
 73  0.0000   7477.623365  x:  0.00000   0.00000   0.00083   0.00052   0.00198   0.10114   0.12387   0.60484   0.00083   0.00167   0.00082   0.00335   0.00000   0.00000   0.00620   0.00090   0.00089   1.89351   0.94944   0.01063  
 74  0.0000   7477.623365  x:  0.00000   0.00000   0.00083   0.00052   0.00198   0.10114   0.12387   0.60484   0.00083   0.00167   0.00082   0.00335   0.00000   0.00000   0.00620   0.00090   0.00089   1.89351   0.94944   0.01063  