

TREE # 1

  0  0.0000   5511.985415  x:  0.03506   0.04480   0.01670   0.06885   0.03664   0.06255   0.01465   0.06820   0.02117   2.00000   1.44361   0.03008   0.25605   2.16463  
  1 99.0000   5368.780898  x:  0.01790   0.02758   0.00000   0.05437   0.02150   0.04744   0.00411   0.05080   0.00363   1.99998   1.44360   0.03010   0.25496   2.16470  
  2 3133.6695   5343.552280  x:  0.01438   0.02404   0.00023   0.05138   0.01836   0.04431   0.00263   0.04720   0.00000   1.99998   1.44360   0.03011   0.25475   2.16472  
  3 19949.4650   5263.511193  x:  0.00000   0.00951   0.00021   0.03908   0.00551   0.03140   0.00169   0.03238   0.00000   1.99997   1.44360   0.03012   0.25403   2.16477  
  4 110096.9853   5237.338358  x:  0.00001   0.00328   0.00017   0.03381   0.00000   0.02587   0.00129   0.02604   0.00000   1.99996   1.44360   0.03012   0.25371   2.16479  
  5 12789.9271   5227.061962  x:  0.00001   0.00024   0.00016   0.03121   0.00007   0.02315   0.00112   0.02291   0.00000   1.99996   1.44360   0.03013   0.25355   2.16480  
  6 11248.7692   5175.104910  x:  0.00001   0.00063   0.00002   0.01231   0.00022   0.00327   0.00014   0.00000   0.00000   1.99994   1.44359   0.03015   0.25221   2.16489  
  7 6236.9064   5169.878401  x:  0.00001   0.00063   0.00003   0.00860   0.00023   0.00042   0.00016   0.00000   0.00000   1.99990   1.44355   0.03024   0.24837   2.16508  
  8 1106.7523   5167.259861  x:  0.00001   0.00064   0.00004   0.00373   0.00024   0.00090   0.00018   0.00000   0.00000   1.99987   1.44353   0.03030   0.24616   2.16519  
  9 2006.9738   5164.764101  x:  0.00004   0.00108   0.00001   0.00420   0.00042   0.00101   0.00025   0.00000   0.00000   1.99842   1.44332   0.02995   0.25431   2.16736  
 10  4.1676   5160.720127  x:  0.00014   0.00276   0.00013   0.00709   0.00110   0.00177   0.00035   0.00000   0.00000   2.00214   1.44204   0.02888   0.32291   2.17476  
 11 17.9977   5157.686957  x:  0.00013   0.00285   0.00013   0.00482   0.00113   0.00115   0.00043   0.00000   0.00000   1.76676   1.15142   0.22005   1.00000   2.32338  
 12  1.7270   5151.590857  x:  0.00010   0.00048   0.00014   0.00343   0.00049   0.00066   0.00100   0.00000   0.00000   1.85122   1.42252   0.01148   1.00000   2.68804  
 13  0.3284   5150.069835  x:  0.00009   0.00137   0.00018   0.00562   0.00078   0.00134   0.00133   0.00000   0.00000   1.69622   1.52462  -0.12205   1.00000   2.85018  
 14  0.2028   5146.269195  x:  0.00021   0.00137   0.00033   0.00287   0.00114   0.00048   0.00243   0.00000   0.00000   2.03178   2.28051  -0.79210   1.00000   3.36813  
 15  0.3917   5144.700043  x:  0.00027   0.00048   0.00040   0.00432   0.00105   0.00100   0.00300   0.00000   0.00000   1.92019   2.49155  -1.02519   1.00000   3.67067  
 16  0.8650   5143.672384  x:  0.00038   0.00128   0.00057   0.00465   0.00144   0.00098   0.00429   0.00000   0.00000   1.56194   3.22911  -1.78015   1.00000   4.31942  
 17  0.5398   5143.127782  x:  0.00049   0.00074   0.00071   0.00424   0.00144   0.00081   0.00534   0.00000   0.00000   2.00276   3.73507  -2.33284   1.00000   4.89157  
 18  0.5200   5143.052115  x:  0.00052   0.00065   0.00074   0.00413   0.00137   0.00085   0.00562   0.00000   0.00000   1.71080   3.89384  -2.51846   1.00000   5.05246  
 19  0.2583   5142.979550  x:  0.00054   0.00092   0.00077   0.00424   0.00123   0.00093   0.00582   0.00000   0.00000   1.67217   3.95468  -2.66252   1.00000   5.19989  
 20  0.0824   5142.880883  x:  0.00059   0.00086   0.00081   0.00431   0.00089   0.00087   0.00607   0.00000   0.00000   1.87002   3.97578  -2.83042   1.00000   5.41584  
 21  0.1588   5142.862691  x:  0.00058   0.00079   0.00079   0.00421   0.00081   0.00085   0.00594   0.00000   0.00000   1.77891   3.88752  -2.77414   1.00000   5.35926  
 22  0.1043   5142.858454  x:  0.00057   0.00079   0.00078   0.00418   0.00085   0.00085   0.00579   0.00000   0.00000   1.77844   3.80107  -2.69192   1.00000   5.27279  
 23  0.1032   5142.851000  x:  0.00058   0.00084   0.00077   0.00422   0.00079   0.00086   0.00566   0.00000   0.00000   1.82020   3.60804  -2.64884   1.00000   5.23445  
 24  0.0497   5142.795657  x:  0.00071   0.00083   0.00082   0.00429   0.00083   0.00083   0.00554   0.00000   0.00000   1.79310   2.83803  -2.75181   1.00000   5.29067  
 25  0.0974   5142.782178  x:  0.00079   0.00081   0.00085   0.00423   0.00085   0.00086   0.00551   0.00000   0.00000   1.80277   2.35842  -2.84503   1.00000   5.35585  
 26  0.5583   5142.781751  x:  0.00079   0.00080   0.00086   0.00421   0.00085   0.00086   0.00556   0.00000   0.00000   1.80659   2.38639  -2.87287   1.00000   5.38182  
 27  0.0537   5142.781668  x:  0.00080   0.00080   0.00086   0.00420   0.00085   0.00085   0.00556   0.00000   0.00000   1.80862   2.34691  -2.88051   1.00000   5.38412  
 28  0.0134   5142.780938  x:  0.00080   0.00080   0.00086   0.00419   0.00085   0.00085   0.00556   0.00000   0.00000   1.81044   2.30829  -2.88779   0.97244   5.38453  
 29  0.0839   5142.780609  x:  0.00080   0.00080   0.00086   0.00420   0.00085   0.00085   0.00555   0.00000   0.00000   1.79662   2.23019  -2.89252   0.96249   5.37594  
 30  0.0333   5142.779603  x:  0.00078   0.00080   0.00085   0.00422   0.00085   0.00086   0.00559   0.00000   0.00000   1.79867   2.14207  -2.90541   0.95933   5.34248  
 31  0.0159   5142.779491  x:  0.00078   0.00080   0.00085   0.00420   0.00085   0.00085   0.00559   0.00000   0.00000   1.80480   2.13838  -2.90622   0.95960   5.33715  
 32  0.0070   5142.779437  x:  0.00077   0.00080   0.00085   0.00421   0.00085   0.00085   0.00559   0.00000   0.00000   1.79711   2.14436  -2.90169   0.95949   5.31003  
 33  0.0036   5142.778842  x:  0.00078   0.00080   0.00084   0.00420   0.00085   0.00085   0.00559   0.00000   0.00000   1.80171   2.06220  -2.90996   0.95697   5.16137  
 34  0.0213   5142.773549  x:  0.00081   0.00081   0.00082   0.00415   0.00085   0.00084   0.00560   0.00000   0.00000   1.83100   1.32096  -2.96340   0.94435   3.10442  
 35  1.1513   5142.772579  x:  0.00081   0.00081   0.00081   0.00416   0.00085   0.00084   0.00561   0.00000   0.00000   1.82575   1.13160  -2.97552   0.94428   2.68354  
 36  1.1584   5142.770569  x:  0.00080   0.00080   0.00080   0.00422   0.00085   0.00085   0.00562   0.00000   0.00000   1.79606   0.95702  -2.98855   0.95322   2.56900  
 37  0.3395   5142.770314  x:  0.00080   0.00080   0.00079   0.00421   0.00085   0.00086   0.00562   0.00000   0.00000   1.79711   0.82764  -3.00116   0.95325   2.38841  
 38  0.2394   5142.769783  x:  0.00080   0.00080   0.00079   0.00420   0.00085   0.00086   0.00563   0.00000   0.00000   1.80333   0.50324  -3.03769   0.95160   2.12002  
 39  0.3245   5142.769454  x:  0.00081   0.00081   0.00079   0.00419   0.00085   0.00086   0.00563   0.00000   0.00000   1.80626   0.34101  -3.05754   0.94956   2.11000  
 40  0.1560   5142.769121  x:  0.00081   0.00080   0.00078   0.00420   0.00085   0.00085   0.00563   0.00000   0.00000   1.80446   0.06110  -3.08513   0.94760   1.91231  
 41  0.4615   5142.769003  x:  0.00081   0.00080   0.00078   0.00420   0.00085   0.00085   0.00563   0.00000   0.00000   1.80077  -0.24688  -3.11724   0.94742   1.76295  
 42  0.2333   5142.768894  x:  0.00081   0.00080   0.00078   0.00421   0.00085   0.00085   0.00563   0.00000   0.00000   1.79931  -0.25326  -3.11822   0.94809   1.79965  
 43  0.0580   5142.768829  x:  0.00081   0.00080   0.00078   0.00420   0.00085   0.00085   0.00563   0.00000   0.00000   1.80329  -0.41276  -3.13870   0.94759   1.74946  
 44  0.0979   5142.768795  x:  0.00081   0.00080   0.00077   0.00420   0.00085   0.00085   0.00563   0.00000   0.00000   1.80320  -0.57202  -3.15705   0.94690   1.69758  
 45  0.2118   5142.768756  x:  0.00081   0.00080   0.00077   0.00420   0.00085   0.00085   0.00563   0.00000   0.00000   1.80233  -0.79101  -3.18239   0.94561   1.64647  
 46  0.1695   5142.768743  x:  0.00081   0.00080   0.00077   0.00420   0.00085   0.00085   0.00563   0.00000   0.00000   1.80209  -0.83761  -3.18807   0.94528   1.64857  
 47  0.0503   5142.768734  x:  0.00081   0.00080   0.00077   0.00420   0.00085   0.00085   0.00563   0.00000   0.00000   1.80247  -0.96341  -3.20298   0.94501   1.62020  
 48  0.1021   5142.768728  x:  0.00081   0.00080   0.00077   0.00420   0.00085   0.00085   0.00563   0.00000   0.00000   1.80269  -1.08638  -3.21790   0.94448   1.59841  
 49  0.0711   5142.768698  x:  0.00082   0.00080   0.00077   0.00420   0.00085   0.00086   0.00564   0.00000   0.00000   1.80374  -1.71374  -3.29676   0.94073   1.52963  
 50  0.0795   5142.768622  x:  0.00081   0.00080   0.00077   0.00421   0.00085   0.00085   0.00563   0.00000   0.00000   1.80057  -2.10813  -3.34489   0.93557   1.49562  
 51  0.0991   5142.768610  x:  0.00081   0.00080   0.00077   0.00421   0.00085   0.00085   0.00563   0.00000   0.00000   1.80029  -2.08308  -3.34218   0.93517   1.50567  
 52  0.1495   5142.768473  x:  0.00081   0.00080   0.00077   0.00420   0.00085   0.00085   0.00563   0.00000   0.00000   1.80183  -2.71540  -3.42626   0.92771   1.46846  
 53  0.3334   5142.768402  x:  0.00081   0.00080   0.00077   0.00420   0.00085   0.00085   0.00563   0.00000   0.00000   1.80292  -3.34807  -3.51121   0.91837   1.44079  
 54  1.3770   5142.768239  x:  0.00081   0.00081   0.00078   0.00419   0.00085   0.00086   0.00563   0.00000   0.00000   1.80649  -3.57542  -3.54758   0.90958   1.46212  
 55  0.1985   5142.768066  x:  0.00081   0.00080   0.00078   0.00420   0.00085   0.00085   0.00563   0.00000   0.00000   1.80475  -4.41335  -3.66211   0.88772   1.44346  
 56  0.6157   5142.767944  x:  0.00081   0.00080   0.00079   0.00421   0.00085   0.00085   0.00563   0.00000   0.00000   1.80137  -4.23822  -3.64419   0.87984   1.45698  
 57  0.1470   5142.767716  x:  0.00080   0.00080   0.00080   0.00420   0.00085   0.00085   0.00562   0.00000   0.00000   1.80289  -4.53408  -3.70156   0.82662   1.44620  
 58  0.0662   5142.767702  x:  0.00080   0.00080   0.00080   0.00420   0.00085   0.00085   0.00562   0.00000   0.00000   1.80290  -4.68581  -3.72279   0.82185   1.44208  
 59  0.3787   5142.767701  x:  0.00080   0.00080   0.00080   0.00420   0.00085   0.00085   0.00562   0.00000   0.00000   1.80275  -4.67193  -3.72052   0.82258   1.44020  
 60  0.0254   5142.767701  x:  0.00080   0.00080   0.00080   0.00420   0.00085   0.00085   0.00562   0.00000   0.00000   1.80275  -4.67193  -3.72052   0.82258   1.44020  
 61  0.0142   5142.767701  x:  0.00080   0.00080   0.00080   0.00420   0.00085   0.00085   0.00562   0.00000   0.00000   1.80275  -4.67193  -3.72052   0.82258   1.44020  
 62  0.1854   5142.767701  x:  0.00080   0.00080   0.00080   0.00420   0.00085   0.00085   0.00562   0.00000   0.00000   1.80275  -4.67193  -3.72052   0.82258   1.44020  
 63  0.0239   5142.767701  x:  0.00080   0.00080   0.00080   0.00420   0.00085   0.00085   0.00562   0.00000   0.00000   1.80275  -4.67193  -3.72052   0.82258   1.44020  
 64  0.0063   5142.767701  x:  0.00080   0.00080   0.00080   0.00420   0.00085   0.00085   0.00562   0.00000   0.00000   1.80275  -4.67193  -3.72052   0.82258   1.44020  
 65  0.0406   5142.767701  x:  0.00080   0.00080   0.00080   0.00420   0.00085   0.00085   0.00562   0.00000   0.00000   1.80275  -4.67193  -3.72052   0.82258   1.44020  
check convergence!
