

TREE # 1

  0  0.0000   9881.924349  x:  0.04833   0.08976   0.03390   0.09814   0.03095   0.02682   0.08098   0.10768   0.07987   0.08878   0.02800   0.01374   0.05149   0.03659   0.03078   0.08613   0.04871   1.01620   0.91760   1.12030  
  1 99.0000   9385.208315  x:  0.03302   0.07495   0.06439   0.14779   0.07336   0.01306   0.06594   0.09322   0.06463   0.07357   0.01553   0.00000   0.03732   0.02124   0.01581   0.07104   0.03416   1.01846   0.91137   1.12028  
  2 7179.6639   9090.232031  x:  0.01834   0.06075   0.08961   0.19132   0.10797   0.00000   0.05154   0.07938   0.05003   0.05899   0.00403   0.01659   0.02381   0.00653   0.00155   0.05658   0.02028   1.02062   0.90540   1.12025  
  3 53133.6694   9051.705525  x:  0.01502   0.05762   0.08957   0.19467   0.10759   0.00362   0.04832   0.07631   0.04672   0.05568   0.00385   0.01696   0.02081   0.00320   0.00000   0.05331   0.01736   1.02109   0.90403   1.12025  
  4 6856.3804   9012.051951  x:  0.01183   0.05462   0.08960   0.19796   0.10732   0.00698   0.04524   0.07337   0.04354   0.05251   0.00365   0.01735   0.01793   0.00000   0.00010   0.05019   0.01457   1.02154   0.90272   1.12025  
  5 199077.2308   8883.872654  x:  0.00000   0.04334   0.08661   0.20612   0.10209   0.00577   0.03385   0.06255   0.03177   0.04075   0.00516   0.01701   0.00742   0.00000   0.00009   0.03860   0.00481   1.02321   0.89787   1.12023  
  6 22606.7651   8809.485803  x:  0.00000   0.03371   0.08442   0.21049   0.09818   0.00486   0.02399   0.05336   0.02153   0.03052   0.00081   0.01659   0.00000   0.00000   0.00009   0.02865   0.00556   1.02463   0.89364   1.12022  
  7 21111.1924   8799.096441  x:  0.00000   0.03160   0.08394   0.21152   0.09732   0.00468   0.02183   0.05134   0.01928   0.02828   0.00000   0.01651   0.00002   0.00000   0.00009   0.02647   0.00553   1.02495   0.89272   1.12022  
  8 38199.4193   8659.465397  x:  0.00000   0.01356   0.08105   0.22026   0.09172   0.00371   0.00338   0.03415   0.00000   0.00902   0.00023   0.01615   0.00003   0.00000   0.00009   0.00779   0.00951   1.02762   0.88477   1.12020  
  9 94889.0381   8630.986418  x:  0.00000   0.00833   0.08216   0.21723   0.09323   0.00368   0.00398   0.02713   0.00000   0.00000   0.00024   0.01619   0.00003   0.00000   0.00009   0.00287   0.00871   1.02873   0.88103   1.12018  
 10 4291.3890   8613.953072  x:  0.00000   0.00140   0.08359   0.21311   0.09538   0.00374   0.00026   0.01429   0.00000   0.00000   0.00029   0.01626   0.00003   0.00000   0.00010   0.00775   0.00759   1.03128   0.87221   1.12015  
 11 2319.6075   8611.781124  x:  0.00000   0.00024   0.08354   0.21328   0.09526   0.00372   0.00066   0.01180   0.00000   0.00000   0.00030   0.01625   0.00003   0.00000   0.00010   0.00873   0.00770   1.03181   0.87041   1.12015  
 12 5113.4443   8606.133499  x:  0.00000   0.00099   0.08342   0.21373   0.09492   0.00364   0.00100   0.00404   0.00000   0.00000   0.00032   0.01623   0.00003   0.00000   0.00010   0.01013   0.00797   1.03351   0.86473   1.12013  
 13 4848.4695   8278.197353  x:  0.00000   0.00000   0.08575   0.22361   0.08838   0.00591   0.00037   0.00103   0.00000   0.00000   0.00030   0.01637   0.00003   0.00000   0.00009   0.00600   0.00891   1.16824   0.40594   1.11892  
 14 869.4753   8278.197353  x:  0.00000   0.00000   0.08575   0.22361   0.08838   0.00591   0.00037   0.00103   0.00000   0.00000   0.00030   0.01637   0.00003   0.00000   0.00009   0.00600   0.00891   1.16824   0.40594   1.11892  
 15 335.8562   8266.266723  x:  0.00000   0.00016   0.08579   0.22374   0.08843   0.00584   0.00055   0.00157   0.00000   0.00000   0.00212   0.01624   0.00443   0.00000   0.00127   0.00588   0.00881   1.16826   0.40583   1.11892  
 16 42088.7837   8247.430629  x:  0.00000   0.00275   0.08681   0.22767   0.09004   0.00385   0.00272   0.01060   0.00000   0.00000   0.00671   0.01250   0.00248   0.00000   0.00013   0.00229   0.00582   1.16866   0.40285   1.11891  
 17 3996.1829   8242.328342  x:  0.00000   0.00348   0.08734   0.22974   0.09088   0.00281   0.00320   0.01390   0.00000   0.00000   0.00826   0.01052   0.00106   0.00000   0.00249   0.00051   0.00431   1.16888   0.40127   1.11891  
 18 14145.8875   8225.242723  x:  0.00000   0.00182   0.08885   0.23572   0.09326   0.00043   0.00074   0.01501   0.00000   0.00000   0.00889   0.00473   0.00087   0.00000   0.00243   0.00116   0.00090   1.16951   0.39655   1.11891  
 19 3268.0522   8219.883783  x:  0.00000   0.00133   0.08944   0.23811   0.09420   0.00099   0.00008   0.01531   0.00000   0.00000   0.00903   0.00244   0.00083   0.00000   0.00240   0.00105   0.00058   1.16977   0.39464   1.11891  
 20 10526.1148   8214.959632  x:  0.00000   0.00080   0.08999   0.24033   0.09508   0.00122   0.00024   0.01540   0.00000   0.00000   0.00907   0.00033   0.00082   0.00000   0.00239   0.00107   0.00047   1.17001   0.39286   1.11890  
 21 34090.2888   8214.346923  x:  0.00000   0.00075   0.09010   0.24076   0.09525   0.00114   0.00019   0.01543   0.00000   0.00000   0.00908   0.00015   0.00081   0.00000   0.00239   0.00107   0.00063   1.17005   0.39252   1.11890  
 22 7854.0853   8204.340717  x:  0.00000   0.00000   0.09154   0.24659   0.09754   0.00121   0.00019   0.01562   0.00000   0.00000   0.00912   0.00026   0.00081   0.00000   0.00237   0.00103   0.00084   1.17068   0.38782   1.11890  
 23 8759.8185   7724.256210  x:  0.00000   0.00393   0.20033   0.68764   0.27071   0.00547   0.00118   0.01203   0.00000   0.00000   0.00274   0.00306   0.00308   0.00000   0.00296   0.00819   0.00722   1.21841   0.03186   1.11850  
 24 126264.1543   7715.519618  x:  0.00000   0.00401   0.20081   0.69580   0.27226   0.00440   0.00106   0.00705   0.00000   0.00000   0.00627   0.00294   0.00238   0.00000   0.00171   0.00268   0.00676   1.21951   0.02391   1.11849  
 25 2945.1047   7713.498970  x:  0.00000   0.00404   0.20080   0.69853   0.27258   0.00397   0.00101   0.00625   0.00000   0.00000   0.00576   0.00288   0.00272   0.00000   0.00131   0.00062   0.00656   1.21988   0.02419   1.11848  
 26 1420.8976   7710.860225  x:  0.00000   0.00410   0.19811   0.70777   0.27081   0.00409   0.00103   0.00408   0.00000   0.00000   0.00941   0.00294   0.00151   0.00000   0.00121   0.00078   0.00670   1.22150   0.02794   1.11846  
 27 739.0649   7670.711621  x:  0.00000   0.00413   0.09760   0.82574   0.17653   0.00412   0.00104   0.00462   0.00000   0.00000   0.00853   0.00297   0.00179   0.00000   0.00125   0.00086   0.00675   1.25149   0.02785   1.11798  
 28 781.3466   7667.890106  x:  0.00000   0.00407   0.13230   0.83529   0.13279   0.00409   0.00103   0.00468   0.00000   0.00000   0.00850   0.00294   0.00179   0.00000   0.00127   0.00086   0.00670   1.29204   0.02797   1.11720  
 29 85.8669   7654.276581  x:  0.00000   0.00379   0.11019   0.78789   0.14962   0.00387   0.00097   0.00532   0.00000   0.00000   0.00870   0.00275   0.00168   0.00000   0.00132   0.00080   0.00628   2.02307   0.03206   1.10222  
 30 62.4265   7651.951771  x:  0.00000   0.00356   0.12175   0.77713   0.14284   0.00317   0.00088   0.00538   0.00000   0.00000   0.00640   0.00241   0.00251   0.00000   0.00112   0.00061   0.00544   2.03422   0.03252   0.32840  
 31  0.8284   7650.846905  x:  0.00000   0.00328   0.12846   0.76681   0.13595   0.00240   0.00078   0.00537   0.00000   0.00000   0.00431   0.00197   0.00323   0.00000   0.00094   0.00074   0.00441   2.04269   0.03308   0.74237  
 32  0.7097   7649.393834  x:  0.00000   0.00276   0.12134   0.75670   0.13310   0.00135   0.00066   0.00481   0.00000   0.00000   0.00466   0.00122   0.00293   0.00000   0.00080   0.00103   0.00265   2.03300   0.03418   0.52697  
 33  0.1696   7648.802333  x:  0.00000   0.00256   0.11967   0.75301   0.14405   0.00162   0.00073   0.00490   0.00000   0.00000   0.00625   0.00099   0.00215   0.00000   0.00091   0.00098   0.00222   2.00240   0.03429   0.52350  
 34  0.0326   7648.532964  x:  0.00000   0.00244   0.11528   0.76477   0.14184   0.00212   0.00084   0.00529   0.00000   0.00000   0.00615   0.00093   0.00196   0.00000   0.00099   0.00081   0.00222   1.97480   0.03370   0.43272  
 35  0.0676   7648.245877  x:  0.00000   0.00215   0.12223   0.77080   0.14141   0.00241   0.00094   0.00524   0.00000   0.00000   0.00521   0.00073   0.00190   0.00000   0.00099   0.00077   0.00194   1.96882   0.03285   0.46446  
 36  0.0176   7647.981100  x:  0.00000   0.00203   0.12338   0.78271   0.14069   0.00281   0.00102   0.00495   0.00000   0.00000   0.00515   0.00088   0.00145   0.00000   0.00102   0.00094   0.00248   2.00284   0.03232   0.58654  
 37  0.0694   7647.646818  x:  0.00000   0.00163   0.11975   0.78796   0.14154   0.00266   0.00103   0.00483   0.00000   0.00000   0.00493   0.00071   0.00083   0.00000   0.00096   0.00083   0.00232   2.04298   0.03276   0.57531  
 38  0.0334   7647.506413  x:  0.00000   0.00158   0.11845   0.78374   0.14292   0.00232   0.00096   0.00496   0.00000   0.00000   0.00424   0.00073   0.00098   0.00000   0.00089   0.00086   0.00236   2.05156   0.03322   0.48300  
 39  0.1144   7647.436164  x:  0.00000   0.00157   0.11962   0.77892   0.14239   0.00201   0.00089   0.00499   0.00000   0.00000   0.00448   0.00081   0.00086   0.00000   0.00084   0.00080   0.00250   2.03505   0.03349   0.46726  
 40  0.0193   7647.406627  x:  0.00000   0.00150   0.12027   0.77715   0.14165   0.00206   0.00088   0.00499   0.00000   0.00000   0.00441   0.00083   0.00082   0.00000   0.00084   0.00092   0.00255   2.00964   0.03320   0.48636  
 41  0.0220   7647.396620  x:  0.00000   0.00147   0.11990   0.77571   0.14161   0.00209   0.00088   0.00493   0.00000   0.00000   0.00436   0.00084   0.00087   0.00000   0.00081   0.00085   0.00257   2.00111   0.03312   0.50690  
 42  0.0259   7647.382712  x:  0.00000   0.00134   0.11891   0.77125   0.14216   0.00217   0.00087   0.00498   0.00000   0.00000   0.00436   0.00083   0.00085   0.00000   0.00082   0.00084   0.00254   1.99940   0.03329   0.47542  
 43  0.0146   7647.375270  x:  0.00000   0.00129   0.11977   0.77039   0.14158   0.00225   0.00086   0.00495   0.00000   0.00000   0.00444   0.00086   0.00088   0.00000   0.00084   0.00084   0.00256   2.00583   0.03344   0.49396  
 44  0.0092   7647.368488  x:  0.00000   0.00120   0.11987   0.77328   0.14169   0.00223   0.00084   0.00488   0.00000   0.00000   0.00439   0.00087   0.00088   0.00000   0.00084   0.00085   0.00258   2.00755   0.03341   0.48761  
 45  0.0023   7647.365204  x:  0.00000   0.00120   0.11955   0.77498   0.14197   0.00222   0.00083   0.00495   0.00000   0.00000   0.00446   0.00088   0.00091   0.00000   0.00086   0.00085   0.00256   2.00537   0.03332   0.48706  
 46  0.0020   7647.364759  x:  0.00000   0.00118   0.11962   0.77519   0.14194   0.00222   0.00084   0.00495   0.00000   0.00000   0.00447   0.00088   0.00090   0.00000   0.00085   0.00084   0.00255   2.00752   0.03327   0.48937  
 47  0.0022   7647.364680  x:  0.00000   0.00119   0.11964   0.77505   0.14191   0.00222   0.00084   0.00495   0.00000   0.00000   0.00448   0.00088   0.00090   0.00000   0.00085   0.00085   0.00255   2.00798   0.03327   0.48771  
 48  0.0014   7647.364627  x:  0.00000   0.00119   0.11963   0.77506   0.14192   0.00222   0.00084   0.00496   0.00000   0.00000   0.00447   0.00088   0.00090   0.00000   0.00084   0.00085   0.00256   2.00813   0.03327   0.48831  
 49  0.0003   7647.364579  x:  0.00000   0.00118   0.11961   0.77515   0.14193   0.00222   0.00085   0.00496   0.00000   0.00000   0.00448   0.00088   0.00090   0.00000   0.00084   0.00085   0.00255   2.00777   0.03327   0.48818  
 50  0.0002   7647.364562  x:  0.00000   0.00118   0.11963   0.77510   0.14192   0.00221   0.00085   0.00496   0.00000   0.00000   0.00447   0.00089   0.00090   0.00000   0.00085   0.00085   0.00255   2.00764   0.03328   0.48817  
 51  0.0001   7647.364561  x:  0.00000   0.00118   0.11963   0.77508   0.14192   0.00221   0.00085   0.00496   0.00000   0.00000   0.00447   0.00089   0.00090   0.00000   0.00085   0.00085   0.00255   2.00769   0.03327   0.48819  
 52  0.0001   7647.364560  x:  0.00000   0.00118   0.11963   0.77508   0.14192   0.00221   0.00085   0.00496   0.00000   0.00000   0.00447   0.00089   0.00090   0.00000   0.00085   0.00085   0.00255   2.00770   0.03327   0.48819  
 53  0.0001   7647.364560  x:  0.00000   0.00118   0.11963   0.77507   0.14192   0.00221   0.00085   0.00496   0.00000   0.00000   0.00447   0.00089   0.00090   0.00000   0.00085   0.00085   0.00255   2.00771   0.03327   0.48819  
 54  0.0001   7647.364560  x:  0.00000   0.00118   0.11963   0.77507   0.14192   0.00221   0.00085   0.00496   0.00000   0.00000   0.00447   0.00089   0.00090   0.00000   0.00085   0.00085   0.00255   2.00773   0.03327   0.48819  
 55  0.0001   7647.364560  x:  0.00000   0.00118   0.11963   0.77507   0.14192   0.00221   0.00085   0.00496   0.00000   0.00000   0.00447   0.00089   0.00090   0.00000   0.00085   0.00085   0.00255   2.00774   0.03327   0.48819  
 56  0.0001   7647.364560  x:  0.00000   0.00118   0.11963   0.77506   0.14192   0.00221   0.00085   0.00496   0.00000   0.00000   0.00447   0.00089   0.00090   0.00000   0.00085   0.00085   0.00255   2.00775   0.03327   0.48820  
 57  0.0001   7647.364560  x:  0.00000   0.00118   0.11963   0.77506   0.14192   0.00221   0.00085   0.00496   0.00000   0.00000   0.00447   0.00089   0.00090   0.00000   0.00085   0.00085   0.00255   2.00776   0.03327   0.48820  
 58  0.0000   7647.364560  x:  0.00000   0.00118   0.11963   0.77506   0.14192   0.00221   0.00085   0.00496   0.00000   0.00000   0.00447   0.00089   0.00090   0.00000   0.00085   0.00085   0.00255   2.00777   0.03327   0.48820  
 59  0.0000   7647.364560  x:  0.00000   0.00118   0.11963   0.77505   0.14192   0.00221   0.00085   0.00496   0.00000   0.00000   0.00447   0.00089   0.00090   0.00000   0.00085   0.00085   0.00255   2.00778   0.03327   0.48820  
 60  0.0000   7647.364560  x:  0.00000   0.00118   0.11963   0.77505   0.14192   0.00221   0.00085   0.00496   0.00000   0.00000   0.00447   0.00089   0.00090   0.00000   0.00085   0.00085   0.00255   2.00779   0.03327   0.48820  
 61  0.0000   7647.364559  x:  0.00000   0.00118   0.11963   0.77505   0.14192   0.00221   0.00085   0.00496   0.00000   0.00000   0.00447   0.00089   0.00090   0.00000   0.00085   0.00085   0.00255   2.00779   0.03327   0.48820  
 62  0.0000   7647.364557  x:  0.00000   0.00118   0.11963   0.77507   0.14192   0.00221   0.00085   0.00496   0.00000   0.00000   0.00447   0.00089   0.00090   0.00000   0.00085   0.00085   0.00255   2.00774   0.03327   0.48819  