

TREE # 1

  0  0.0000   9102.803554  x:  0.01287   0.07241   0.08235   0.04423   0.06818   0.09143   0.02097   0.09025   0.10425   0.06325   0.04974   0.03887   0.10248   0.07257   0.01097   0.06756   0.05936   2.00000   1.23167   0.17654   0.20123   2.17294  
  1 99.0000   8696.976904  x:  0.00000   0.05975   0.06979   0.03215   0.05603   0.09680   0.07326   0.13906   0.09173   0.05090   0.03728   0.02741   0.08986   0.05988   0.00565   0.05589   0.04776   2.00010   1.23281   0.17548   0.18784   2.17295  
  2 6758.0842   8257.195878  x:  0.00000   0.02721   0.03763   0.00120   0.02478   0.10200   0.05074   0.18374   0.05964   0.01954   0.00564   0.00000   0.05747   0.02728   0.01366   0.02555   0.01769   2.00035   1.23596   0.17249   0.15400   2.17295  
  3 5718.0663   8240.303525  x:  0.00000   0.02594   0.03638   0.00000   0.02357   0.10220   0.04989   0.18545   0.05839   0.01831   0.00441   0.00011   0.05621   0.02602   0.01394   0.02436   0.01652   2.00036   1.23608   0.17237   0.15269   2.17295  
  4 63842.8000   8176.995752  x:  0.00000   0.01908   0.02971   0.00000   0.01776   0.10280   0.04871   0.18672   0.05161   0.01231   0.00000   0.00012   0.04946   0.01944   0.01028   0.01785   0.01021   2.00043   1.23693   0.17153   0.14757   2.17294  
  5 17572.5898   8078.849011  x:  0.00000   0.00797   0.01890   0.00000   0.00827   0.10383   0.04636   0.18981   0.04064   0.00252   0.00002   0.00017   0.03853   0.00876   0.00502   0.00732   0.00000   2.00055   1.23827   0.17020   0.13904   2.17293  
  6 70229.9635   8060.737368  x:  0.00000   0.00532   0.01632   0.00000   0.00602   0.10407   0.04583   0.19047   0.03803   0.00021   0.00002   0.00018   0.03592   0.00622   0.00376   0.00482   0.00004   2.00058   1.23859   0.16988   0.13703   2.17292  
  7 31569.7098   8031.367565  x:  0.00000   0.00017   0.01133   0.00000   0.00180   0.10453   0.04492   0.19168   0.03295   0.00054   0.00002   0.00021   0.03084   0.00127   0.00178   0.00000   0.00007   2.00063   1.23922   0.16926   0.13317   2.17292  
  8 26361.9791   8030.287918  x:  0.00000   0.00000   0.01117   0.00000   0.00167   0.10454   0.04489   0.19171   0.03279   0.00055   0.00002   0.00021   0.03068   0.00111   0.00171   0.00001   0.00007   2.00063   1.23924   0.16924   0.13304   2.17292  
  9 21703.5595   8024.798255  x:  0.00000   0.00000   0.01006   0.00000   0.00124   0.10462   0.04494   0.19165   0.03164   0.00053   0.00002   0.00022   0.02952   0.00000   0.00190   0.00001   0.00007   2.00065   1.23939   0.16908   0.13228   2.17292  
 10 19407.8144   7992.511423  x:  0.00000   0.00000   0.00000   0.00000   0.00113   0.10536   0.04457   0.19219   0.02125   0.00043   0.00002   0.00029   0.01901   0.00000   0.00159   0.00000   0.00006   2.00076   1.24073   0.16774   0.12504   2.17290  
 11 39242.7900   7977.335735  x:  0.00000   0.00000   0.00001   0.00000   0.00102   0.10575   0.04449   0.19227   0.01572   0.00039   0.00002   0.00032   0.01342   0.00000   0.00146   0.00000   0.00005   2.00083   1.24145   0.16702   0.12124   2.17290  
 12 6445.2499   7977.335735  x:  0.00000   0.00000   0.00001   0.00000   0.00102   0.10575   0.04449   0.19227   0.01572   0.00039   0.00002   0.00032   0.01342   0.00000   0.00146   0.00000   0.00005   2.00083   1.24145   0.16702   0.12124   2.17290  
 13 1712764.4891   7963.850259  x:  0.00000   0.00000   0.00183   0.00009   0.00104   0.10575   0.04450   0.19228   0.01571   0.00043   0.00051   0.00043   0.01341   0.00000   0.00150   0.00234   0.00023   2.00083   1.24145   0.16702   0.12123   2.17290  
 14 302372.1047   7949.245922  x:  0.00000   0.00000   0.00164   0.00297   0.00180   0.10583   0.04532   0.19304   0.01507   0.00253   0.00105   0.00531   0.01273   0.00000   0.00362   0.00213   0.00221   2.00083   1.24153   0.16694   0.12075   2.17290  
 15 11616.8242   7916.833533  x:  0.00000   0.00000   0.00162   0.00147   0.00027   0.10659   0.05307   0.20024   0.00898   0.00186   0.00114   0.00604   0.00626   0.00000   0.00918   0.00228   0.00000   2.00090   1.24231   0.16617   0.11615   2.17290  
 16 2952.3018   7912.537594  x:  0.00000   0.00000   0.00161   0.00119   0.00003   0.10671   0.05426   0.20135   0.00804   0.00172   0.00114   0.00605   0.00527   0.00000   0.01001   0.00229   0.00003   2.00091   1.24242   0.16605   0.11544   2.17289  
 17 112716.8362   7895.253597  x:  0.00000   0.00000   0.00157   0.00000   0.00031   0.10718   0.05901   0.20578   0.00430   0.00109   0.00112   0.00596   0.00128   0.00000   0.01319   0.00234   0.00008   2.00095   1.24290   0.16558   0.11259   2.17289  
 18 162755.5651   7888.199798  x:  0.00000   0.00000   0.00156   0.00007   0.00038   0.10732   0.06053   0.20720   0.00310   0.00081   0.00109   0.00572   0.00000   0.00000   0.01413   0.00235   0.00009   2.00096   1.24306   0.16542   0.11168   2.17289  
 19 98438.0179   7877.731382  x:  0.00000   0.00000   0.00159   0.00010   0.00043   0.10767   0.06400   0.21088   0.00025   0.00273   0.00093   0.00462   0.00000   0.00000   0.01477   0.00238   0.00010   2.00100   1.24348   0.16500   0.10916   2.17289  
 20 10656.7102   7838.706266  x:  0.00000   0.00000   0.00170   0.00025   0.00070   0.10982   0.08563   0.23489   0.00468   0.01010   0.00100   0.00042   0.00000   0.00000   0.01672   0.00232   0.00016   2.00123   1.24633   0.16217   0.09221   2.17288  
 21 6242.3262   7812.572650  x:  0.00000   0.00000   0.00189   0.00026   0.00069   0.11097   0.09692   0.24850   0.00541   0.01098   0.00000   0.00146   0.00000   0.00000   0.01247   0.00236   0.00016   2.00136   1.24803   0.16048   0.08208   2.17288  
 22 14259.0912   7759.320897  x:  0.00000   0.00000   0.00211   0.00029   0.00063   0.11388   0.12555   0.28309   0.00708   0.01304   0.00022   0.00398   0.00000   0.00000   0.00127   0.00211   0.00014   2.00171   1.25234   0.15620   0.05629   2.17287  
 23 621209.1089   7676.953994  x:  0.00000   0.00000   0.00270   0.00028   0.00062   0.11394   0.11648   0.32104   0.00715   0.01312   0.00022   0.00403   0.00000   0.00000   0.00112   0.00164   0.00014   2.00222   1.26123   0.14736   0.00000   2.17284  
 24 2285.0309   7675.256092  x:  0.00000   0.00000   0.00072   0.00028   0.00062   0.11494   0.11554   0.32452   0.00716   0.01315   0.00022   0.00403   0.00000   0.00000   0.00106   0.00319   0.00014   2.00223   1.26290   0.14570   0.00000   2.17284  
 25 1435.3405   7614.147637  x:  0.00000   0.00000   0.00326   0.00022   0.00059   0.33483   0.06294   0.46425   0.00743   0.01356   0.00023   0.00414   0.00000   0.00000   0.00061   0.00120   0.00014   1.99544   1.48919  -0.07993   0.00000   2.17268  
 26 719.6039   7556.083153  x:  0.00000   0.00000   0.00215   0.00014   0.00049   0.27057   0.00656   0.51915   0.00521   0.00938   0.00028   0.00385   0.00000   0.00000   0.00743   0.00206   0.00011   1.98124   1.78434  -0.37357   0.00000   2.17233  
 27 371.6132   7555.517595  x:  0.00000   0.00000   0.00214   0.00014   0.00049   0.26835   0.00582   0.52021   0.00518   0.00932   0.00028   0.00384   0.00000   0.00000   0.00752   0.00208   0.00011   1.98094   1.79144  -0.38063   0.00238   2.17232  
 28 1294.4798   7515.751726  x:  0.00000   0.00000   0.00239   0.00017   0.00052   0.12480   0.03670   0.53422   0.00586   0.01045   0.00027   0.00408   0.00000   0.00000   0.00501   0.00187   0.00011   1.97308   2.04886  -0.63698   0.00706   2.17208  
 29 686.8571   7496.864784  x:  0.00000   0.00000   0.00207   0.00005   0.00022   0.14402   0.07508   0.58546   0.00539   0.00797   0.00036   0.00491   0.00000   0.00000   0.00759   0.00211   0.00002   2.11147   2.04483  -0.58735   0.01113   2.16282  
 30  1.3126   7495.133391  x:  0.00000   0.00000   0.00211   0.00004   0.00027   0.14250   0.07728   0.59589   0.00534   0.00782   0.00037   0.00497   0.00000   0.00000   0.00763   0.00207   0.00003   1.80184   2.04151  -0.58335   0.01123   2.16813  
 31  4.2793   7490.130938  x:  0.00000   0.00000   0.00198   0.00000   0.00048   0.13493   0.08446   0.59705   0.00504   0.00737   0.00038   0.00501   0.00000   0.00000   0.00764   0.00217   0.00008   1.89784   2.05844  -0.60169   0.01128   2.18726  
 32  0.7332   7490.130938  x:  0.00000   0.00000   0.00198   0.00000   0.00048   0.13493   0.08446   0.59705   0.00504   0.00737   0.00038   0.00501   0.00000   0.00000   0.00764   0.00217   0.00008   1.89784   2.05844  -0.60169   0.01128   2.18726  
 33  0.3414   7486.007309  x:  0.00000   0.00000   0.00189   0.00080   0.00118   0.13493   0.08448   0.59705   0.00491   0.00725   0.00057   0.00496   0.00000   0.00000   0.00761   0.00208   0.00183   1.89784   2.05844  -0.60169   0.01120   2.18726  
 34 14935.3929   7480.828339  x:  0.00000   0.00000   0.00040   0.00140   0.00249   0.13487   0.08487   0.59710   0.00266   0.00518   0.00187   0.00414   0.00000   0.00000   0.00713   0.00060   0.00103   1.89784   2.05847  -0.60172   0.00988   2.18726  
 35 1989.6733   7478.069493  x:  0.00000   0.00000   0.00112   0.00137   0.00292   0.13481   0.08525   0.59715   0.00061   0.00324   0.00187   0.00350   0.00000   0.00000   0.00672   0.00044   0.00089   1.89784   2.05850  -0.60176   0.00873   2.18726  
 36 2954.2353   7477.482737  x:  0.00000   0.00000   0.00087   0.00124   0.00297   0.13478   0.08543   0.59717   0.00032   0.00246   0.00171   0.00331   0.00000   0.00000   0.00656   0.00083   0.00093   1.89784   2.05852  -0.60177   0.00829   2.18726  
 37 2174.5168   7476.798054  x:  0.00000   0.00000   0.00080   0.00104   0.00305   0.13473   0.08570   0.59721   0.00055   0.00132   0.00147   0.00302   0.00000   0.00000   0.00632   0.00084   0.00100   1.89784   2.05854  -0.60179   0.00761   2.18726  
 38 2762.5259   7476.630081  x:  0.00000   0.00000   0.00063   0.00077   0.00298   0.13467   0.08599   0.59725   0.00046   0.00133   0.00115   0.00302   0.00000   0.00000   0.00615   0.00063   0.00116   1.89785   2.05856  -0.60182   0.00716   2.18726  
 39 521.7401   7476.451518  x:  0.00000   0.00000   0.00068   0.00055   0.00323   0.13451   0.08672   0.59735   0.00054   0.00164   0.00120   0.00303   0.00000   0.00000   0.00583   0.00074   0.00117   1.89785   2.05862  -0.60187   0.00624   2.18726  
 40 501.3615   7476.098409  x:  0.00000   0.00000   0.00072   0.00000   0.00373   0.13372   0.08984   0.59780   0.00052   0.00149   0.00131   0.00386   0.00000   0.00000   0.00574   0.00074   0.00122   1.89787   2.05883  -0.60209   0.00631   2.18726  
 41 237.3514   7475.471061  x:  0.00000   0.00000   0.00069   0.00000   0.00420   0.13228   0.09525   0.59860   0.00055   0.00158   0.00057   0.00381   0.00000   0.00000   0.00573   0.00079   0.00087   1.89789   2.05921  -0.60248   0.00656   2.18727  
 42 1134.8445   7473.836670  x:  0.00000   0.00000   0.00064   0.00000   0.00256   0.12723   0.11372   0.60134   0.00056   0.00172   0.00096   0.00259   0.00000   0.00000   0.00582   0.00075   0.00100   1.89799   2.06053  -0.60381   0.00717   2.18728  
 43 2861.7766   7473.750739  x:  0.00000   0.00000   0.00064   0.00000   0.00258   0.12568   0.11457   0.60173   0.00055   0.00171   0.00095   0.00262   0.00000   0.00000   0.00675   0.00075   0.00100   1.89800   2.06074  -0.60402   0.00686   2.18728  
 44 138.9068   7473.701887  x:  0.00000   0.00000   0.00064   0.00039   0.00259   0.12505   0.11473   0.60186   0.00055   0.00171   0.00096   0.00261   0.00000   0.00000   0.00671   0.00075   0.00100   1.89800   2.06081  -0.60410   0.00688   2.18728  
 45 282.2233   7473.309343  x:  0.00000   0.00000   0.00060   0.00099   0.00147   0.11789   0.11358   0.60316   0.00054   0.00168   0.00081   0.00280   0.00000   0.00000   0.00642   0.00073   0.00080   1.89804   2.06156  -0.60486   0.00642   2.18729  
 46 500.0720   7472.816232  x:  0.00000   0.00000   0.00063   0.00047   0.00223   0.10394   0.11905   0.60645   0.00055   0.00170   0.00090   0.00263   0.00000   0.00000   0.00619   0.00074   0.00093   1.89814   2.06336  -0.60670   0.00675   2.18732  
 47 1118.1399   7472.449000  x:  0.00000   0.00000   0.00063   0.00038   0.00231   0.10620   0.11664   0.63520   0.00054   0.00168   0.00092   0.00263   0.00000   0.00000   0.00616   0.00074   0.00094   1.89984   2.09438  -0.63833   0.00729   2.18774  
 48 14.6928   7471.820985  x:  0.00000   0.00000   0.00062   0.00041   0.00223   0.10330   0.11624   0.60657   0.00053   0.00163   0.00089   0.00259   0.00000   0.00000   0.00610   0.00072   0.00091   1.90713   2.18169  -0.72795   0.00864   2.18929  
 49 19.0131   7471.687590  x:  0.00000   0.00000   0.00066   0.00042   0.00219   0.10268   0.11829   0.60520   0.00058   0.00168   0.00088   0.00285   0.00000   0.00000   0.00611   0.00077   0.00091   1.83157   2.14950  -0.77061   0.00890   2.23416  
 50  0.3857   7471.416349  x:  0.00000   0.00000   0.00074   0.00048   0.00206   0.10183   0.12253   0.60949   0.00071   0.00177   0.00085   0.00346   0.00000   0.00000   0.00613   0.00088   0.00092   1.91185   2.05676  -0.85844   0.00929   2.34329  
 51  1.6447   7471.387313  x:  0.00000   0.00000   0.00085   0.00049   0.00203   0.10126   0.12415   0.60956   0.00074   0.00166   0.00083   0.00338   0.00000   0.00000   0.00604   0.00087   0.00085   1.90479   2.04789  -0.86732   0.00908   2.37726  
 52  0.0492   7471.380373  x:  0.00000   0.00000   0.00084   0.00053   0.00195   0.10113   0.12431   0.60962   0.00080   0.00166   0.00081   0.00333   0.00000   0.00000   0.00610   0.00090   0.00090   1.90031   2.06977  -0.84592   0.00911   2.40251  
 53  0.0312   7471.377676  x:  0.00000   0.00000   0.00083   0.00051   0.00200   0.10126   0.12415   0.60964   0.00084   0.00167   0.00084   0.00335   0.00000   0.00000   0.00608   0.00089   0.00087   1.90182   2.09210  -0.82335   0.00908   2.43928  
 54  0.0328   7471.376140  x:  0.00000   0.00000   0.00084   0.00050   0.00200   0.10132   0.12385   0.60957   0.00085   0.00167   0.00082   0.00335   0.00000   0.00000   0.00607   0.00086   0.00088   1.90358   2.11876  -0.79674   0.00910   2.51529  
 55  0.0358   7471.370671  x:  0.00000   0.00000   0.00082   0.00052   0.00198   0.10114   0.12446   0.60953   0.00086   0.00164   0.00082   0.00335   0.00000   0.00000   0.00611   0.00085   0.00087   1.89943   2.26781  -0.64749   0.00911   2.87730  
 56  0.0524   7471.365012  x:  0.00000   0.00000   0.00082   0.00052   0.00197   0.10120   0.12426   0.60962   0.00083   0.00166   0.00083   0.00336   0.00000   0.00000   0.00609   0.00086   0.00088   1.90109   2.48219  -0.43268   0.00910   3.44424  
 57  0.2791   7471.363339  x:  0.00000   0.00000   0.00083   0.00051   0.00199   0.10129   0.12401   0.60964   0.00082   0.00167   0.00083   0.00334   0.00000   0.00000   0.00609   0.00088   0.00088   1.90291   2.47993  -0.43537   0.00909   3.55624  
 58  0.0886   7471.362881  x:  0.00000   0.00000   0.00084   0.00051   0.00200   0.10128   0.12401   0.60960   0.00083   0.00167   0.00083   0.00334   0.00000   0.00000   0.00610   0.00088   0.00088   1.90281   2.55043  -0.36520   0.00910   3.78832  
 59  0.1643   7471.362758  x:  0.00000   0.00000   0.00083   0.00051   0.00199   0.10125   0.12408   0.60960   0.00083   0.00166   0.00083   0.00335   0.00000   0.00000   0.00610   0.00088   0.00088   1.90227   2.55853  -0.35694   0.00910   3.85531  
 60  0.0447   7471.362744  x:  0.00000   0.00000   0.00083   0.00051   0.00199   0.10127   0.12406   0.60961   0.00083   0.00167   0.00083   0.00335   0.00000   0.00000   0.00610   0.00088   0.00088   1.90244   2.56801  -0.34744   0.00910   3.88575  
 61  0.0226   7471.362744  x:  0.00000   0.00000   0.00083   0.00051   0.00199   0.10127   0.12406   0.60961   0.00083   0.00167   0.00083   0.00335   0.00000   0.00000   0.00610   0.00088   0.00088   1.90243   2.56768  -0.34777   0.00910   3.88481  
 62  0.0081   7471.362744  x:  0.00000   0.00000   0.00083   0.00051   0.00199   0.10127   0.12406   0.60961   0.00083   0.00167   0.00083   0.00335   0.00000   0.00000   0.00610   0.00088   0.00088   1.90243   2.56766  -0.34779   0.00910   3.88475  
 63  0.0067   7471.362744  x:  0.00000   0.00000   0.00083   0.00051   0.00199   0.10127   0.12406   0.60961   0.00083   0.00167   0.00083   0.00335   0.00000   0.00000   0.00610   0.00088   0.00088   1.90243   2.56762  -0.34783   0.00910   3.88466  
 64  0.0068   7471.362744  x:  0.00000   0.00000   0.00083   0.00051   0.00199   0.10127   0.12406   0.60961   0.00083   0.00167   0.00083   0.00335   0.00000   0.00000   0.00610   0.00088   0.00088   1.90243   2.56762  -0.34783   0.00910   3.88465  
 65  0.0063   7471.362744  x:  0.00000   0.00000   0.00083   0.00051   0.00199   0.10127   0.12406   0.60961   0.00083   0.00167   0.00083   0.00335   0.00000   0.00000   0.00610   0.00088   0.00088   1.90243   2.56762  -0.34783   0.00910   3.88465  
 66  0.0381   7471.362744  x:  0.00000   0.00000   0.00083   0.00051   0.00199   0.10127   0.12406   0.60961   0.00083   0.00167   0.00083   0.00335   0.00000   0.00000   0.00610   0.00088   0.00088   1.90243   2.56762  -0.34783   0.00910   3.88465  
check convergence!
