    -1   3497     73


 1

     1    876    -1.3839560132   0.250585270988     876.2967  AAAAAAAAAA
     2     13    -5.3555411463   0.004721913560      16.5125  AAAAAAAAAC
     3     41    -4.2658207602   0.014040338651      49.0991  AAAAAAAAAG
     4     52    -4.7943244234   0.008276588409      28.9432  AAAAAAAAAT
     5      2    -6.8021892517   0.001111339481       3.8864  AAAAAAAACA
     6      2    -7.2628458892   0.000701109913       2.4518  AAAAAAAACC
     7      1    -8.0491101141   0.000319386013       1.1169  AAAAAAAACG
     8      1    -7.6075812503   0.000496671731       1.7369  AAAAAAAACT
     9     12    -5.4091664406   0.004475369143      15.6504  AAAAAAAAGA
    10      1    -7.5645444295   0.000518513533       1.8132  AAAAAAAAGC
    11      4    -5.7969327415   0.003036855295      10.6199  AAAAAAAAGG
    12      3    -7.0033277066   0.000908852533       3.1783  AAAAAAAAGT
    13      9    -6.2409725288   0.001947960154       6.8120  AAAAAAAATA
    14      1    -7.6075812503   0.000496671731       1.7369  AAAAAAAATC
    15      1    -7.4878933912   0.000559821043       1.9577  AAAAAAAATG
    16     10    -6.4360003207   0.001602804582       5.6050  AAAAAAAATT
    17      1   -10.1860416893   0.000037692791       0.1318  AAAAAACCAA
    18      1    -8.8201537789   0.000147725641       0.5166  AAAAAAGGAA
    19      1   -13.8846964174   0.000000933153       0.0033  AAAATTTTGA
    20      1   -12.6974664785   0.000003058865       0.0107  AGGGGGGGAA
    21      1   -15.0600755754   0.000000288066       0.0010  CCACCCCCGT
    22      1   -10.8211986228   0.000019971613       0.0698  CCCCAACCCC
    23      1   -10.4176954664   0.000029898703       0.1046  CCCCCCAACC
    24      1    -7.0403223496   0.000875844189       3.0628  CCCCCCCCAA
    25      3    -7.0162491206   0.000897184420       3.1375  CCCCCCCCAC
    26      1    -7.4918168703   0.000557628900       1.9500  CCCCCCCCAT
    27     12    -5.4423157889   0.004329445570      15.1401  CCCCCCCCCA
    28    533    -1.8885698415   0.151288020037     529.0542  CCCCCCCCCC
    29      4    -5.9083571033   0.002716646393       9.5001  CCCCCCCCCG
    30     47    -4.2228936832   0.014656172763      51.2526  CCCCCCCCCT
    31      1    -7.7160433344   0.000445620291       1.5583  CCCCCCCCGG
    32      7    -7.0021977960   0.000909880036       3.1819  CCCCCCCCTA
    33     20    -5.5139895333   0.004029997460      14.0929  CCCCCCCCTC
    34      3    -7.4682391103   0.000570932762       1.9966  CCCCCCCCTG
    35     19    -5.3923206929   0.004551398671      15.9162  CCCCCCCCTT
    36      1    -8.9205437481   0.000133615572       0.4673  CCCCCCTTCC
    37      1    -9.3229899753   0.000089346367       0.3124  CCCCTTCCCC
    38      1   -10.7369024796   0.000021728137       0.0760  GAGGGGGGGG
    39      1   -15.0358340531   0.000000295135       0.0010  GGGCGGGGAT
    40      1   -11.2535095228   0.000012961728       0.0453  GGGGCCGGGG
    41      1   -11.1748594541   0.000014022331       0.0490  GGGGGGAAAG
    42     12    -5.5601978372   0.003848015042      13.4565  GGGGGGGGAA
    43      5    -5.6198437958   0.003625207337      12.6774  GGGGGGGGAG
    44      1    -7.0106770259   0.000902197570       3.1550  GGGGGGGGAT
    45      3    -8.0562910487   0.000317100738       1.1089  GGGGGGGGCA
    46      3    -7.7339144260   0.000437727308       1.5307  GGGGGGGGCC
    47     33    -4.3314565382   0.013148382415      45.9799  GGGGGGGGGA
    48      3    -5.8941198855   0.002755600520       9.6363  GGGGGGGGGC
    49    568    -1.8978663849   0.149888081775     524.1586  GGGGGGGGGG
    50      9    -5.3329031626   0.004830027283      16.8906  GGGGGGGGGT
    51      1    -7.4950743258   0.000555815404       1.9437  GGGGGGGGTA
    52      1    -8.0808236600   0.000309416077       1.0820  GGGGGGGGTC
    53      1    -6.8990075899   0.001008786062       3.5277  GGGGGGGGTG
    54      1   -12.0735748424   0.000005708383       0.0200  GGGGGGTGGG
    55      1   -12.1080930213   0.000005514702       0.0193  GGGGGGTTGT
    56      1   -13.4939533910   0.000001379274       0.0048  GGGTGGGGAG
    57      1   -12.3376249353   0.000004383667       0.0153  GGTGGGGGGA
    58      1   -13.5932233857   0.000001248930       0.0044  TTCTTTTTAC
    59      1   -10.4710248621   0.000028345993       0.0991  TTTTGGTTTT
    60      1   -12.8875746766   0.000002529283       0.0088  TTTTTTTCCT
    61      8    -6.4720587483   0.001546039548       5.4065  TTTTTTTTAA
    62      3    -7.4825583892   0.000562815671       1.9682  TTTTTTTTAC
    63      8    -6.2114920637   0.002006241789       7.0158  TTTTTTTTAT
    64      5    -6.9927176408   0.000918546856       3.2122  TTTTTTTTCA
    65     20    -5.6877545568   0.003387190180      11.8450  TTTTTTTTCC
    66     33    -5.2490962405   0.005252263038      18.3672  TTTTTTTTCT
    67      1    -7.6135548785   0.000493713643       1.7265  TTTTTTTTGA
    68      2    -7.1483076605   0.000786193462       2.7493  TTTTTTTTGG
    69      3    -6.6775333780   0.001258879325       4.4023  TTTTTTTTGT
    70     52    -4.7878616880   0.008330251026      29.1309  TTTTTTTTTA
    71     73    -4.1390494610   0.015937993992      55.7352  TTTTTTTTTC
    72     13    -5.2539030024   0.005227077239      18.2791  TTTTTTTTTG
    73    936    -1.2661193554   0.281923546816     985.8866  TTTTTTTTTT