

TREE #  1

  0  0.0000   7620.118733  x:  0.00024   0.00057   0.00000   0.00066   0.00019   0.03259   0.04708   0.19408   0.00027   0.00038   0.00081   0.00138   0.00012   0.00014   0.00193   0.00050   0.00036   4.79088   0.32933  
  1 99.0000   7617.119813  x:  0.00023   0.00055   0.00040   0.00066   0.00020   0.03259   0.04708   0.19408   0.00027   0.00039   0.00080   0.00138   0.00010   0.00012   0.00193   0.00050   0.00036   4.79088   0.32933  
  2 97410.7966   7615.317981  x:  0.00013   0.00045   0.00040   0.00064   0.00028   0.03259   0.04707   0.19408   0.00028   0.00044   0.00074   0.00136   0.00000   0.00002   0.00192   0.00046   0.00034   4.79088   0.32933  
  3 7974.0619   7615.112425  x:  0.00011   0.00044   0.00040   0.00063   0.00028   0.03259   0.04707   0.19408   0.00028   0.00044   0.00073   0.00136   0.00000   0.00000   0.00192   0.00045   0.00034   4.79088   0.32933  
  4 29069.9024   7614.345970  x:  0.00000   0.00033   0.00040   0.00063   0.00029   0.03259   0.04707   0.19407   0.00028   0.00042   0.00069   0.00136   0.00000   0.00000   0.00191   0.00045   0.00034   4.79088   0.32933  
  5 42454.8435   7613.168818  x:  0.00000   0.00000   0.00040   0.00063   0.00028   0.03258   0.04706   0.19407   0.00028   0.00044   0.00064   0.00135   0.00000   0.00000   0.00190   0.00049   0.00035   4.79088   0.32933  
  6 38041.8128   7613.069993  x:  0.00000   0.00000   0.00041   0.00067   0.00028   0.03252   0.04696   0.19402   0.00024   0.00042   0.00055   0.00133   0.00000   0.00000   0.00186   0.00049   0.00025   4.79087   0.32930  
  7 587.6876   7612.736200  x:  0.00000   0.00000   0.00043   0.00076   0.00026   0.03228   0.04657   0.19381   0.00032   0.00041   0.00035   0.00128   0.00000   0.00000   0.00174   0.00031   0.00028   4.79086   0.32920  
  8 1367.5065   7612.561426  x:  0.00000   0.00000   0.00045   0.00061   0.00028   0.03214   0.04633   0.19368   0.00021   0.00043   0.00031   0.00124   0.00000   0.00000   0.00171   0.00026   0.00033   4.79085   0.32914  
  9 1642.4946   7612.398688  x:  0.00000   0.00000   0.00046   0.00038   0.00032   0.03200   0.04609   0.19355   0.00026   0.00041   0.00029   0.00118   0.00000   0.00000   0.00170   0.00027   0.00029   4.79085   0.32907  
 10 2702.5764   7612.389033  x:  0.00000   0.00000   0.00046   0.00038   0.00032   0.03198   0.04603   0.19351   0.00026   0.00041   0.00028   0.00117   0.00000   0.00000   0.00179   0.00027   0.00029   4.79084   0.32905  
 11 181.1521   7612.265114  x:  0.00000   0.00000   0.00045   0.00042   0.00032   0.03153   0.04427   0.19216   0.00026   0.00041   0.00031   0.00103   0.00000   0.00000   0.00176   0.00029   0.00029   4.79074   0.32829  
 12 141.7305   7612.208004  x:  0.00000   0.00000   0.00045   0.00041   0.00032   0.03132   0.04342   0.19149   0.00026   0.00041   0.00029   0.00118   0.00000   0.00000   0.00176   0.00031   0.00029   4.79069   0.32790  
 13 2743.5719   7611.991334  x:  0.00000   0.00000   0.00044   0.00040   0.00032   0.03365   0.04214   0.18615   0.00026   0.00042   0.00027   0.00116   0.00000   0.00000   0.00173   0.00031   0.00029   4.79026   0.32496  
 14 115.5338   7611.885504  x:  0.00000   0.00000   0.00044   0.00040   0.00032   0.03207   0.04357   0.18283   0.00026   0.00043   0.00026   0.00116   0.00000   0.00000   0.00172   0.00032   0.00029   4.78976   0.32222  
 15 69.2465   7611.198651  x:  0.00000   0.00000   0.00034   0.00037   0.00034   0.03242   0.04431   0.19238   0.00028   0.00060   0.00033   0.00120   0.00000   0.00000   0.00178   0.00021   0.00022   4.77727   0.27608  
 16 22.6813   7611.076360  x:  0.00000   0.00000   0.00039   0.00037   0.00037   0.03258   0.04475   0.19619   0.00028   0.00054   0.00031   0.00119   0.00000   0.00000   0.00176   0.00025   0.00025   4.76735   0.25896  
 17  8.5585   7610.600567  x:  0.00000   0.00000   0.00043   0.00030   0.00085   0.03244   0.04420   0.19038   0.00031   0.00065   0.00028   0.00119   0.00000   0.00000   0.00172   0.00027   0.00023   4.56945   0.28539  
 18  3.8952   7609.707592  x:  0.00000   0.00000   0.00042   0.00031   0.00067   0.03193   0.04290   0.17874   0.00029   0.00059   0.00026   0.00116   0.00000   0.00000   0.00171   0.00031   0.00026   3.97079   0.32304  
 19  4.2170   7609.629479  x:  0.00000   0.00000   0.00035   0.00025   0.00060   0.03192   0.04297   0.17823   0.00028   0.00063   0.00031   0.00117   0.00000   0.00000   0.00177   0.00031   0.00028   3.98306   0.32283  
 20  0.0131   7609.629479  x:  0.00000   0.00000   0.00035   0.00025   0.00060   0.03192   0.04297   0.17823   0.00028   0.00063   0.00031   0.00117   0.00000   0.00000   0.00177   0.00031   0.00028   3.98306   0.32283  
 21 17.2238   7609.618631  x:  0.00000   0.00000   0.00032   0.00025   0.00057   0.03192   0.04302   0.17869   0.00030   0.00062   0.00032   0.00117   0.00000   0.00000   0.00176   0.00030   0.00030   3.99527   0.32111  
 22  0.0133   7609.615204  x:  0.00000   0.00000   0.00032   0.00026   0.00057   0.03191   0.04304   0.17907   0.00031   0.00061   0.00031   0.00116   0.00000   0.00000   0.00174   0.00029   0.00031   4.00054   0.32003  
 23  0.4894   7609.615204  x:  0.00000   0.00000   0.00032   0.00026   0.00057   0.03191   0.04304   0.17907   0.00031   0.00061   0.00031   0.00116   0.00000   0.00000   0.00174   0.00029   0.00031   4.00054   0.32003  
 24  0.1194   7609.615204  x:  0.00000   0.00000   0.00032   0.00026   0.00057   0.03191   0.04304   0.17907   0.00031   0.00061   0.00031   0.00116   0.00000   0.00000   0.00174   0.00029   0.00031   4.00054   0.32003  
check convergence!
